QBlade v0.963 64bit

 Calculated polar for: perfil7

 1 1 Reynolds number fixed          Mach number fixed         

 xtrf =   1.000 (top)        1.000 (bottom)
 Mach =   0.000     Re =     8.480 e 6     Ncrit =   7.000

  alpha     CL        CD       CDp       Cm    Top Xtr Bot Xtr   Cpmin    Chinge    XCp    
 ------- -------- --------- --------- -------- ------- ------- -------- --------- ---------
  -5.000  -0.1629   0.01065   0.00624  -0.0594  0.2367  0.0151  -9.0511   0.0000  -0.1413
  -4.500  -0.1045   0.01019   0.00569  -0.0582  0.2292  0.0152  -8.4751   0.0000  -0.3429
  -4.000  -0.0459   0.00973   0.00517  -0.0570  0.2276  0.0152  -7.9163   0.0000  -1.0590
  -3.500   0.0127   0.00933   0.00469  -0.0558  0.2230  0.0152  -7.3747   0.0000   4.8541
  -3.000   0.0713   0.00899   0.00425  -0.0546  0.2139  0.0153  -6.8505   0.0000   1.0431
  -2.500   0.1300   0.00865   0.00385  -0.0534  0.2120  0.0153  -6.3429   0.0000   0.6712
  -2.000   0.1887   0.00836   0.00349  -0.0521  0.2083  0.0153  -5.8529   0.0000   0.5307
  -1.500   0.2473   0.00815   0.00320  -0.0510  0.2002  0.0154  -5.3770   0.0000   0.4568
  -1.000   0.3059   0.00794   0.00295  -0.0497  0.1965  0.0154  -4.9163   0.0000   0.4111
  -0.500   0.3645   0.00777   0.00273  -0.0485  0.1950  0.0154  -4.4708   0.0000   0.3801
   0.000   0.4229   0.00765   0.00257  -0.0473  0.1910  0.0155  -4.0408   0.0000   0.3576
   0.500   0.4813   0.00760   0.00249  -0.0461  0.1848  0.0155  -3.6176   0.0000   0.3406
   1.000   0.5396   0.00755   0.00241  -0.0449  0.1806  0.0155  -3.2110   0.0000   0.3271
   1.500   0.5978   0.00748   0.00232  -0.0438  0.1785  0.0156  -2.8346   0.0000   0.3163
   2.000   0.6559   0.00748   0.00229  -0.0426  0.1742  0.0156  -2.4724   0.0000   0.3073
   2.500   0.7138   0.00749   0.00227  -0.0415  0.1683  0.0191  -2.1673   0.0000   0.2997
   3.000   0.7717   0.00750   0.00231  -0.0403  0.1649  0.0210  -2.2820   0.0000   0.2932
   3.500   0.8294   0.00754   0.00235  -0.0392  0.1631  0.0216  -2.4050   0.0000   0.2876
   4.000   0.8869   0.00763   0.00242  -0.0381  0.1595  0.0219  -2.5318   0.0000   0.2826
   4.500   0.9441   0.00774   0.00252  -0.0370  0.1545  0.0220  -2.6598   0.0000   0.2782
   5.000   1.0012   0.00783   0.00260  -0.0359  0.1498  0.0221  -2.7896   0.0000   0.2741
   5.500   1.0582   0.00788   0.00269  -0.0348  0.1493  0.0291  -2.9293   0.0000   0.2705
   6.000   1.1149   0.00799   0.00280  -0.0337  0.1476  0.0300  -3.0734   0.0000   0.2671
   6.500   1.1710   0.00818   0.00298  -0.0325  0.1425  0.0389  -3.2182   0.0000   0.2640
   7.000   1.2268   0.00837   0.00317  -0.0314  0.1373  0.0483  -3.3646   0.0000   0.2611
   7.500   1.2826   0.00850   0.00333  -0.0303  0.1345  0.0620  -3.5132   0.0000   0.2583
   8.000   1.3381   0.00861   0.00351  -0.0292  0.1338  0.1018  -3.6634   0.0000   0.2557
   8.500   1.3931   0.00874   0.00373  -0.0281  0.1322  0.1801  -3.8151   0.0000   0.2533
   9.000   1.4450   0.00817   0.00422  -0.0268  0.1285  0.9427  -3.9744   0.0000   0.2509
   9.500   1.4984   0.00852   0.00451  -0.0256  0.1227  0.9427  -4.1389   0.0000   0.2485
  10.000   1.5519   0.00877   0.00475  -0.0243  0.1197  0.9427  -4.3061   0.0000   0.2462
  10.500   1.6051   0.00900   0.00497  -0.0230  0.1193  0.9427  -4.4753   0.0000   0.2440
  11.000   1.6576   0.00925   0.00521  -0.0217  0.1187  0.9427  -4.6453   0.0000   0.2418
  11.500   1.7093   0.00953   0.00549  -0.0203  0.1174  0.9427  -4.8155   0.0000   0.2397
  12.000   1.7593   0.00993   0.00586  -0.0188  0.1143  0.9427  -4.9841   0.0000   0.2375
  12.500   1.8080   0.01037   0.00628  -0.0171  0.1105  0.9427  -5.1603   0.0000   0.2353
  13.000   1.8563   0.01078   0.00667  -0.0154  0.1056  0.9427  -5.3432   0.0000   0.2331
  13.500   1.9045   0.01110   0.00701  -0.0136  0.1048  0.9427  -5.5286   0.0000   0.2309
  14.000   1.9515   0.01145   0.00737  -0.0118  0.1041  0.9427  -5.7136   0.0000   0.2288
  14.500   1.9967   0.01186   0.00779  -0.0098  0.1027  0.9427  -5.8963   0.0000   0.2265
  15.000   2.0388   0.01240   0.00833  -0.0074  0.1002  0.9427  -6.0734   0.0000   0.2241
  15.500   2.0784   0.01301   0.00892  -0.0047  0.0973  0.9427  -6.2461   0.0000   0.2217
  16.000   2.1169   0.01356   0.00948  -0.0018  0.0942  0.9427  -6.4178   0.0000   0.2192
  16.500   2.1538   0.01409   0.01004   0.0012  0.0915  0.9427  -6.5873   0.0000   0.2166
  17.500   2.2186   0.01522   0.01124   0.0084  0.0894  0.9427  -6.9311   0.0000   0.2111
  18.000   2.2329   0.01627   0.01230   0.0142  0.0858  0.9427  -7.0631   0.0000   0.2073
  18.500   2.2149   0.01766   0.01374   0.0247  0.0805  0.9427  -7.1132   0.0000   0.2015
  19.000   2.2188   0.01897   0.01511   0.0308  0.0775  0.9427  -7.2166   0.0000   0.1976
  19.500   2.2261   0.02043   0.01665   0.0358  0.0769  0.9427  -7.3270   0.0000   0.1942
  20.000   2.2221   0.02282   0.01913   0.0403  0.0760  0.9427  -7.4034   0.0000   0.1909
  20.500   2.1892   0.02882   0.02530   0.0416  0.0747  0.9427  -7.3841   0.0000   0.1887
  21.000   1.8027   0.07905   0.07647   0.0147  0.0775  0.9427  -6.1439   0.0000   0.1977
  21.500   1.7081   0.09556   0.09322   0.0068  0.0777  0.9427  -5.8558   0.0000   0.2005
  22.000   1.6585   0.10673   0.10453   0.0016  0.0773  0.9427  -5.7157   0.0000   0.2022
  22.500   1.6173   0.11711   0.11504  -0.0035  0.0770  0.9427  -5.5964   0.0000   0.2040
  23.000   1.6035   0.12366   0.12165  -0.0064  0.0761  0.9427  -5.5776   0.0000   0.2045
  23.500   1.5694   0.13331   0.13138  -0.0116  0.0744  0.9427  -5.4698   0.0000   0.2066
  24.000   1.5244   0.14495   0.14309  -0.0185  0.0711  0.9427  -5.3020   0.0000   0.2102
  24.500   1.4848   0.15595   0.15417  -0.0254  0.0670  0.9427  -5.1536   0.0000   0.2139
  25.000   1.4901   0.15978   0.15802  -0.0273  0.0644  0.9427  -5.2094   0.0000   0.2136
  25.500   1.4610   0.16943   0.16779  -0.0336  0.0641  0.9427  -5.0977   0.0000   0.2172
  26.000   1.4710   0.17238   0.17076  -0.0351  0.0634  0.9427  -5.1720   0.0000   0.2165
  26.500   1.4782   0.17573   0.17412  -0.0371  0.0622  0.9427  -5.2322   0.0000   0.2160
  27.000   1.4354   0.18782   0.18624  -0.0458  0.0569  0.9427  -5.0277   0.0000   0.2219
  27.500   1.4384   0.19179   0.19022  -0.0485  0.0524  0.9427  -5.0586   0.0000   0.2221
  28.000   1.4114   0.20141   0.19995  -0.0555  0.0520  0.9427  -4.9132   0.0000   0.2267
  28.500   1.4218   0.20390   0.20244  -0.0573  0.0512  0.9427  -4.9827   0.0000   0.2259
  29.000   1.3861   0.21535   0.21401  -0.0658  0.0494  0.9427  -4.7625   0.0000   0.2324
  29.500   1.3861   0.21977   0.21835  -0.0693  0.0424  0.9427  -4.7706   0.0000   0.2333


