QBlade v0.963 64bit

 Calculated polar for: perfil8

 1 1 Reynolds number fixed          Mach number fixed         

 xtrf =   1.000 (top)        1.000 (bottom)
 Mach =   0.000     Re =     7.343 e 6     Ncrit =   7.000

  alpha     CL        CD       CDp       Cm    Top Xtr Bot Xtr   Cpmin    Chinge    XCp    
 ------- -------- --------- --------- -------- ------- ------- -------- --------- ---------
  -5.000  -0.0543   0.01720   0.01343  -0.1132  0.2055  0.0195  -9.2989   0.0000  -1.9364
  -4.500   0.0028   0.01835   0.01463  -0.1103  0.2022  0.0196  -8.6102   0.0000  41.4966
  -4.000   0.0594   0.01918   0.01551  -0.1075  0.2001  0.0196  -7.9566   0.0000   2.1225
  -3.500   0.1152   0.02001   0.01636  -0.1048  0.1945  0.0197  -7.3237   0.0000   1.1838
  -3.000   0.1703   0.02086   0.01723  -0.1019  0.1882  0.0197  -6.7071   0.0000   0.8597
  -2.500   0.2268   0.02088   0.01726  -0.1000  0.1863  0.0198  -6.1600   0.0000   0.6959
  -2.000   0.2814   0.02149   0.01790  -0.0974  0.1850  0.0198  -5.6132   0.0000   0.5969
  -1.500   0.3355   0.02201   0.01842  -0.0948  0.1809  0.0198  -5.0857   0.0000   0.5308
  -1.000   0.3913   0.02179   0.01817  -0.0932  0.1746  0.0199  -4.6243   0.0000   0.4846
  -0.500   0.4464   0.02174   0.01810  -0.0914  0.1710  0.0199  -4.1600   0.0000   0.4496
   0.000   0.5015   0.02162   0.01798  -0.0897  0.1704  0.0199  -3.7092   0.0000   0.4225
   0.500   0.5574   0.02121   0.01756  -0.0884  0.1692  0.0200  -3.2936   0.0000   0.4011
   1.000   0.6137   0.02060   0.01691  -0.0873  0.1664  0.0200  -2.9098   0.0000   0.3839
   1.500   0.6680   0.02041   0.01666  -0.0856  0.1611  0.0201  -2.5110   0.0000   0.3691
   2.000   0.7215   0.02035   0.01658  -0.0838  0.1557  0.0201  -2.4225   0.0000   0.3563
   2.500   0.8047   0.00765   0.00248  -0.0907  0.1553  0.0202  -2.9391   0.0000   0.3533
   3.000   0.8600   0.00763   0.00244  -0.0884  0.1546  0.0203  -2.6629   0.0000   0.3427
   3.500   0.9148   0.00765   0.00244  -0.0861  0.1531  0.0203  -2.7894   0.0000   0.3333
   4.000   0.9690   0.00770   0.00248  -0.0837  0.1501  0.0248  -2.9203   0.0000   0.3249
   4.500   1.0224   0.00783   0.00260  -0.0813  0.1464  0.0266  -3.0583   0.0000   0.3173
   5.000   1.0756   0.00795   0.00271  -0.0788  0.1422  0.0272  -3.1979   0.0000   0.3104
   5.500   1.1286   0.00805   0.00282  -0.0763  0.1404  0.0274  -3.3393   0.0000   0.3040
   6.000   1.1813   0.00814   0.00292  -0.0737  0.1399  0.0276  -3.4821   0.0000   0.2982
   6.500   1.2333   0.00825   0.00304  -0.0711  0.1390  0.0277  -3.6257   0.0000   0.2927
   7.000   1.2845   0.00838   0.00318  -0.0684  0.1373  0.0333  -3.7696   0.0000   0.2876
   7.500   1.3346   0.00859   0.00339  -0.0655  0.1344  0.0361  -3.9130   0.0000   0.2827
   8.000   1.3837   0.00882   0.00361  -0.0626  0.1310  0.0372  -4.0562   0.0000   0.2781
   8.500   1.4326   0.00902   0.00383  -0.0596  0.1272  0.0461  -4.2003   0.0000   0.2737
   9.000   1.4810   0.00921   0.00403  -0.0566  0.1255  0.0531  -4.3558   0.0000   0.2695
   9.500   1.5290   0.00937   0.00423  -0.0535  0.1252  0.0628  -4.5140   0.0000   0.2655
  10.000   1.5760   0.00955   0.00445  -0.0503  0.1247  0.0797  -4.6720   0.0000   0.2617
  10.500   1.6217   0.00975   0.00471  -0.0470  0.1235  0.1118  -4.8292   0.0000   0.2579
  11.000   1.6655   0.01002   0.00504  -0.0435  0.1211  0.1686  -4.9840   0.0000   0.2542
  11.500   1.7051   0.00973   0.00567  -0.0397  0.1186  0.9352  -5.1311   0.0000   0.2505
  12.000   1.7460   0.01009   0.00601  -0.0357  0.1158  0.9352  -5.2824   0.0000   0.2468
  12.500   1.7860   0.01042   0.00633  -0.0317  0.1128  0.9352  -5.4332   0.0000   0.2432
  13.000   1.8249   0.01073   0.00665  -0.0276  0.1109  0.9352  -5.5830   0.0000   0.2397
  13.500   1.8629   0.01101   0.00695  -0.0234  0.1108  0.9352  -5.7325   0.0000   0.2362
  14.000   1.8990   0.01130   0.00726  -0.0190  0.1106  0.9352  -5.8846   0.0000   0.2327
  14.500   1.9321   0.01159   0.00758  -0.0141  0.1103  0.9352  -6.0382   0.0000   0.2290
  15.000   1.9519   0.01188   0.00791  -0.0071  0.1100  0.9352  -6.1642   0.0000   0.2244
  15.500   1.9772   0.01221   0.00828  -0.0012  0.1095  0.9352  -6.3022   0.0000   0.2205
  16.000   2.0038   0.01262   0.00871   0.0042  0.1085  0.9352  -6.4431   0.0000   0.2168
  16.500   2.0256   0.01317   0.00928   0.0100  0.1068  0.9352  -6.5729   0.0000   0.2129
  17.000   2.0400   0.01391   0.01004   0.0165  0.1044  0.9352  -6.6852   0.0000   0.2088
  17.500   2.0626   0.01460   0.01075   0.0216  0.1016  0.9352  -6.8157   0.0000   0.2054
  18.000   2.0876   0.01523   0.01141   0.0262  0.0989  0.9352  -6.9522   0.0000   0.2022
  18.500   2.1118   0.01590   0.01211   0.0307  0.0968  0.9352  -7.0868   0.0000   0.1992
  19.000   2.1359   0.01655   0.01281   0.0352  0.0966  0.9352  -7.2217   0.0000   0.1962
  19.500   2.1484   0.01745   0.01379   0.0406  0.0964  0.9352  -7.3279   0.0000   0.1927
  20.000   2.1657   0.01838   0.01479   0.0451  0.0961  0.9352  -7.4449   0.0000   0.1896
  20.500   2.1740   0.01966   0.01614   0.0499  0.0958  0.9352  -7.5375   0.0000   0.1863
  21.000   2.1804   0.02127   0.01782   0.0541  0.0953  0.9352  -7.6229   0.0000   0.1833
  21.500   2.1738   0.02385   0.02051   0.0579  0.0945  0.9352  -7.6689   0.0000   0.1803
  22.000   2.1313   0.03042   0.02726   0.0581  0.0934  0.9352  -7.5960   0.0000   0.1784
  22.500   1.4327   0.11809   0.11621  -0.0058  0.0889  0.9352  -5.0990   0.0000   0.2082
  23.500   1.3875   0.13339   0.13162  -0.0139  0.0828  0.9352  -4.9401   0.0000   0.2121
  24.000   1.3819   0.13863   0.13693  -0.0163  0.0826  0.9352  -4.9263   0.0000   0.2127
  24.500   1.3623   0.14608   0.14447  -0.0207  0.0822  0.9352  -4.8427   0.0000   0.2150
  25.000   1.3732   0.14871   0.14711  -0.0213  0.0814  0.9352  -4.8992   0.0000   0.2139
  25.500   1.3794   0.15199   0.15038  -0.0226  0.0795  0.9352  -4.9335   0.0000   0.2134
  26.000   1.3297   0.16429   0.16271  -0.0313  0.0730  0.9352  -4.6811   0.0000   0.2200
  26.500   1.3348   0.16774   0.16617  -0.0330  0.0697  0.9352  -4.6995   0.0000   0.2198
  27.000   1.3023   0.17754   0.17610  -0.0399  0.0694  0.9352  -4.5143   0.0000   0.2251
  27.500   1.3157   0.17944   0.17801  -0.0405  0.0692  0.9352  -4.5885   0.0000   0.2237
  28.000   1.3289   0.18125   0.17983  -0.0412  0.0690  0.9352  -4.6628   0.0000   0.2223
  28.500   1.3419   0.18304   0.18164  -0.0419  0.0688  0.9352  -4.7358   0.0000   0.2210
  29.000   1.3541   0.18489   0.18351  -0.0427  0.0684  0.9352  -4.8048   0.0000   0.2197
  29.500   1.3094   0.19668   0.19537  -0.0518  0.0645  0.9352  -4.5422   0.0000   0.2273
  30.000   1.3178   0.19903   0.19769  -0.0532  0.0620  0.9352  -4.5858   0.0000   0.2266


