QBlade v0.963 64bit

 Calculated polar for: perfil5

 1 1 Reynolds number fixed          Mach number fixed         

 xtrf =   1.000 (top)        1.000 (bottom)
 Mach =   0.000     Re =    10.323 e 6     Ncrit =   7.000

  alpha     CL        CD       CDp       Cm    Top Xtr Bot Xtr   Cpmin    Chinge    XCp    
 ------- -------- --------- --------- -------- ------- ------- -------- --------- ---------
  -5.000  -0.0328   0.00832   0.00411  -0.0796  0.3975  0.0075  -9.9707   0.0000  -2.2775
  -4.500   0.0253   0.00784   0.00354  -0.0792  0.3936  0.0075  -9.1745   0.0000   3.4951
  -4.000   0.0835   0.00749   0.00310  -0.0789  0.3842  0.0075  -8.3965   0.0000   1.2240
  -3.500   0.1417   0.00719   0.00273  -0.0785  0.3764  0.0075  -7.6411   0.0000   0.8183
  -3.000   0.1999   0.00693   0.00243  -0.0781  0.3728  0.0076  -6.9106   0.0000   0.6488
  -2.500   0.2581   0.00676   0.00220  -0.0778  0.3633  0.0076  -6.2081   0.0000   0.5559
  -2.000   0.3163   0.00660   0.00200  -0.0774  0.3561  0.0076  -5.5344   0.0000   0.4971
  -1.500   0.3745   0.00645   0.00184  -0.0771  0.3533  0.0077  -4.8907   0.0000   0.4566
  -1.000   0.4326   0.00636   0.00171  -0.0768  0.3442  0.0095  -4.2900   0.0000   0.4270
  -0.500   0.4906   0.00628   0.00164  -0.0766  0.3361  0.0106  -3.7012   0.0000   0.4044
   0.000   0.5486   0.00623   0.00159  -0.0763  0.3317  0.0112  -3.1445   0.0000   0.3866
   0.500   0.6065   0.00623   0.00157  -0.0761  0.3243  0.0116  -2.6230   0.0000   0.3721
   1.000   0.6643   0.00620   0.00154  -0.0758  0.3173  0.0118  -2.1368   0.0000   0.3602
   1.500   0.7220   0.00618   0.00151  -0.0756  0.3131  0.0119  -1.6865   0.0000   0.3500
   2.000   0.7795   0.00624   0.00152  -0.0755  0.3019  0.0120  -1.4286   0.0000   0.3414
   2.500   0.8370   0.00623   0.00152  -0.0753  0.2980  0.0121  -1.5009   0.0000   0.3339
   3.000   0.8943   0.00625   0.00155  -0.0751  0.2930  0.0170  -1.5741   0.0000   0.3273
   3.500   0.9512   0.00636   0.00163  -0.0749  0.2812  0.0180  -1.6475   0.0000   0.3214
   4.000   1.0082   0.00640   0.00168  -0.0748  0.2775  0.0248  -1.7218   0.0000   0.3161
   4.500   1.0645   0.00654   0.00180  -0.0746  0.2659  0.0336  -1.8022   0.0000   0.3114
   5.000   1.1209   0.00661   0.00190  -0.0745  0.2603  0.0562  -1.8864   0.0000   0.3070
   5.500   1.1765   0.00677   0.00209  -0.0743  0.2469  0.1131  -1.9704   0.0000   0.3030
   6.000   1.2296   0.00593   0.00247  -0.0741  0.2400  0.9448  -2.0560   0.0000   0.2994
   6.500   1.2844   0.00620   0.00267  -0.0738  0.2278  0.9448  -2.1498   0.0000   0.2958
   7.000   1.3384   0.00653   0.00291  -0.0735  0.2131  0.9448  -2.2501   0.0000   0.2925
   7.500   1.3918   0.00686   0.00316  -0.0731  0.2014  0.9448  -2.3563   0.0000   0.2893
   8.000   1.4450   0.00715   0.00340  -0.0727  0.1913  0.9448  -2.4731   0.0000   0.2863
   8.500   1.4960   0.00761   0.00375  -0.0720  0.1742  0.9448  -2.6001   0.0000   0.2833
   9.000   1.5471   0.00797   0.00406  -0.0714  0.1632  0.9448  -2.7390   0.0000   0.2804
   9.500   1.5957   0.00849   0.00449  -0.0704  0.1472  0.9448  -2.8868   0.0000   0.2775
  10.000   1.6431   0.00901   0.00492  -0.0693  0.1336  0.9448  -3.0402   0.0000   0.2746
  10.500   1.6885   0.00956   0.00540  -0.0679  0.1207  0.9448  -3.2061   0.0000   0.2717
  11.000   1.7310   0.01021   0.00597  -0.0661  0.1065  0.9448  -3.3694   0.0000   0.2687
  11.500   1.7730   0.01076   0.00647  -0.0641  0.0997  0.9448  -3.5490   0.0000   0.2658
  12.000   1.8129   0.01130   0.00698  -0.0619  0.0918  0.9448  -3.7309   0.0000   0.2628
  12.500   1.8476   0.01197   0.00762  -0.0589  0.0852  0.9448  -3.9048   0.0000   0.2595
  13.000   1.8704   0.01298   0.00855  -0.0542  0.0712  0.9448  -4.0630   0.0000   0.2556
  13.500   1.8781   0.01389   0.00947  -0.0469  0.0639  0.9448  -4.1985   0.0000   0.2506
  14.000   1.8670   0.01549   0.01105  -0.0376  0.0524  0.9448  -4.2879   0.0000   0.2448
  14.500   1.8651   0.01751   0.01307  -0.0312  0.0438  0.9448  -4.3976   0.0000   0.2404
  15.000   1.8576   0.02053   0.01611  -0.0260  0.0368  0.9448  -4.4905   0.0000   0.2366
  15.500   1.8568   0.02382   0.01945  -0.0227  0.0321  0.9448  -4.5995   0.0000   0.2337
  16.000   1.8403   0.02895   0.02464  -0.0200  0.0256  0.9448  -4.6623   0.0000   0.2311
  16.500   1.8242   0.03429   0.03006  -0.0180  0.0229  0.9448  -4.7276   0.0000   0.2289
  17.000   1.7913   0.04162   0.03749  -0.0165  0.0177  0.9448  -4.7392   0.0000   0.2269
  17.500   1.7654   0.04846   0.04441  -0.0155  0.0153  0.9448  -4.7779   0.0000   0.2252
  18.000   1.7262   0.05725   0.05332  -0.0153  0.0120  0.9448  -4.7684   0.0000   0.2241
  18.500   1.7066   0.06394   0.06010  -0.0152  0.0105  0.9448  -4.8197   0.0000   0.2228
  19.500   1.6265   0.08307   0.07945  -0.0173  0.0045  0.9448  -4.7358   0.0000   0.2220
  20.000   1.5967   0.09175   0.08823  -0.0186  0.0030  0.9448  -4.7435   0.0000   0.2218
  20.500   1.5757   0.09932   0.09590  -0.0200  0.0018  0.9448  -4.7775   0.0000   0.2215
  21.000   1.5582   0.10660   0.10327  -0.0215  0.0017  0.9448  -4.8173   0.0000   0.2213
  21.500   1.5229   0.11650   0.11328  -0.0243  0.0000  0.9448  -4.7917   0.0000   0.2223
  22.000   1.5038   0.12423   0.12111  -0.0266  0.0000  0.9448  -4.8146   0.0000   0.2227
  22.500   1.4881   0.13156   0.12852  -0.0290  0.0000  0.9448  -4.8454   0.0000   0.2232
  23.000   1.4821   0.13737   0.13439  -0.0310  0.0001  0.9448  -4.9133   0.0000   0.2232
  23.500   1.4687   0.14435   0.14146  -0.0338  0.0001  0.9448  -4.9452   0.0000   0.2239
  24.000   1.4577   0.15107   0.14826  -0.0367  0.0002  0.9448  -4.9949   0.0000   0.2247
  24.500   1.4552   0.15634   0.15357  -0.0390  0.0002  0.9448  -5.0901   0.0000   0.2249
  25.000   1.4439   0.16318   0.16050  -0.0424  0.0002  0.9448  -5.1356   0.0000   0.2260
  25.500   1.4419   0.16833   0.16571  -0.0450  0.0002  0.9448  -5.2651   0.0000   0.2264
  26.000   1.4312   0.17500   0.17246  -0.0488  0.0003  0.9448  -5.4322   0.0000   0.2278
  26.500   1.4196   0.18192   0.17946  -0.0529  0.0003  0.9448  -5.5850   0.0000   0.2295
  27.000   1.4173   0.18707   0.18466  -0.0560  0.0004  0.9448  -5.8290   0.0000   0.2302
  27.500   1.4064   0.19394   0.19162  -0.0604  0.0004  0.9448  -5.9778   0.0000   0.2322
  28.000   1.3945   0.20105   0.19882  -0.0651  0.0005  0.9448  -6.1077   0.0000   0.2345
  28.500   1.3927   0.20606   0.20388  -0.0686  0.0005  0.9448  -6.3495   0.0000   0.2354
  29.000   1.3817   0.21301   0.21091  -0.0735  0.0006  0.9448  -6.4759   0.0000   0.2378
  30.000   1.3682   0.22505   0.22308  -0.0824  0.0008  0.9448  -6.8080   0.0000   0.2416


