QBlade v0.963 64bit

 Calculated polar for: perfil3

 1 1 Reynolds number fixed          Mach number fixed         

 xtrf =   1.000 (top)        1.000 (bottom)
 Mach =   0.000     Re =    11.720 e 6     Ncrit =   7.000

  alpha     CL        CD       CDp       Cm    Top Xtr Bot Xtr   Cpmin    Chinge    XCp    
 ------- -------- --------- --------- -------- ------- ------- -------- --------- ---------
  -4.500   0.0300   0.04558   0.04325  -0.0595  0.4070  0.0043  -4.7239   0.0000   2.2834
  -4.000   0.0891   0.04094   0.03855  -0.0650  0.4040  0.0044  -4.3167   0.0000   0.9940
  -3.500   0.1489   0.03684   0.03435  -0.0696  0.3959  0.0046  -3.8904   0.0000   0.7241
  -3.000   0.2095   0.03291   0.03033  -0.0734  0.3869  0.0049  -3.4877   0.0000   0.6042
  -2.500   0.2716   0.02879   0.02612  -0.0768  0.3847  0.0055  -3.1590   0.0000   0.5347
   0.000   0.5811   0.00663   0.00239  -0.0829  0.3579  0.0071  -3.2201   0.0000   0.3905
   0.500   0.6382   0.00659   0.00233  -0.0828  0.3489  0.0072  -2.6363   0.0000   0.3768
   1.500   0.7521   0.00590   0.00144  -0.0824  0.3407  0.0072  -1.8815   0.0000   0.3553
   2.000   0.8089   0.00591   0.00141  -0.0823  0.3314  0.0094  -1.4502   0.0000   0.3468
   2.500   0.8656   0.00590   0.00143  -0.0822  0.3271  0.0111  -1.4523   0.0000   0.3394
   3.000   0.9220   0.00595   0.00146  -0.0821  0.3211  0.0114  -1.5179   0.0000   0.3329
   3.500   0.9781   0.00603   0.00152  -0.0820  0.3097  0.0159  -1.5848   0.0000   0.3270
   4.000   1.0343   0.00605   0.00157  -0.0820  0.3074  0.0228  -1.6526   0.0000   0.3217
   4.500   1.0895   0.00619   0.00170  -0.0818  0.2946  0.0378  -1.7226   0.0000   0.3168
   5.000   1.1448   0.00625   0.00181  -0.0817  0.2870  0.0979  -1.7944   0.0000   0.3124
   5.500   1.1962   0.00548   0.00222  -0.0813  0.2721  0.9331  -1.8650   0.0000   0.3083
   6.000   1.2499   0.00577   0.00241  -0.0810  0.2557  0.9331  -1.9403   0.0000   0.3044
   6.500   1.3028   0.00608   0.00263  -0.0807  0.2389  0.9331  -2.0216   0.0000   0.3008
   7.000   1.3547   0.00643   0.00288  -0.0802  0.2213  0.9331  -2.1057   0.0000   0.2972
   7.500   1.4058   0.00679   0.00316  -0.0796  0.2047  0.9331  -2.1990   0.0000   0.2939
   8.000   1.4536   0.00737   0.00359  -0.0785  0.1782  0.9331  -2.3169   0.0000   0.2905
   8.500   1.5015   0.00784   0.00396  -0.0775  0.1593  0.9331  -2.4547   0.0000   0.2872
   9.000   1.5459   0.00848   0.00446  -0.0759  0.1354  0.9331  -2.6050   0.0000   0.2838
   9.500   1.5904   0.00898   0.00489  -0.0743  0.1208  0.9331  -2.7660   0.0000   0.2806
  10.000   1.6335   0.00947   0.00532  -0.0726  0.1088  0.9331  -2.9392   0.0000   0.2774
  10.500   1.6741   0.01000   0.00579  -0.0704  0.0973  0.9331  -3.1130   0.0000   0.2741
  11.500   1.7317   0.01174   0.00733  -0.0625  0.0594  0.9331  -3.4577   0.0000   0.2663
  12.000   1.7353   0.01309   0.00856  -0.0546  0.0369  0.9331  -3.5765   0.0000   0.2607
  12.500   1.7213   0.01427   0.00977  -0.0440  0.0317  0.9331  -3.6577   0.0000   0.2540
  13.000   1.7246   0.01568   0.01119  -0.0373  0.0250  0.9331  -3.7883   0.0000   0.2491
  13.500   1.7244   0.01768   0.01320  -0.0313  0.0180  0.9331  -3.9160   0.0000   0.2446
  14.000   1.7163   0.02068   0.01624  -0.0260  0.0123  0.9331  -4.0224   0.0000   0.2405
  15.000   1.6901   0.02945   0.02514  -0.0189  0.0036  0.9331  -4.1676   0.0000   0.2343
  15.500   1.6792   0.03415   0.02992  -0.0166  0.0018  0.9331  -4.2614   0.0000   0.2318
  16.500   1.6373   0.04618   0.04217  -0.0131  0.0000  0.9331  -4.3794   0.0000   0.2276
  17.000   1.6213   0.05203   0.04811  -0.0120  0.0000  0.9331  -4.4453   0.0000   0.2258
  17.500   1.6061   0.05797   0.05415  -0.0112  0.0000  0.9331  -4.5125   0.0000   0.2242
  18.000   1.5916   0.06392   0.06018  -0.0107  0.0001  0.9331  -4.5904   0.0000   0.2227
  18.500   1.5774   0.07002   0.06638  -0.0105  0.0002  0.9331  -4.6764   0.0000   0.2214
  19.000   1.5629   0.07624   0.07268  -0.0106  0.0002  0.9331  -4.7585   0.0000   0.2202
  19.500   1.5479   0.08258   0.07911  -0.0109  0.0002  0.9331  -4.8362   0.0000   0.2192
  20.000   1.5331   0.08904   0.08566  -0.0114  0.0002  0.9331  -4.9191   0.0000   0.2184
  20.500   1.5193   0.09540   0.09211  -0.0122  0.0002  0.9331  -5.1575   0.0000   0.2176
  21.000   1.5135   0.10063   0.09739  -0.0127  0.0002  0.9331  -5.4692   0.0000   0.2167
  21.500   1.4993   0.10719   0.10403  -0.0139  0.0002  0.9331  -5.7077   0.0000   0.2163
  22.000   1.4854   0.11376   0.11069  -0.0154  0.0002  0.9331  -5.9469   0.0000   0.2160
  22.500   1.4809   0.11883   0.11582  -0.0164  0.0002  0.9331  -6.2791   0.0000   0.2154
  23.000   1.4683   0.12526   0.12234  -0.0183  0.0002  0.9331  -6.5294   0.0000   0.2154
  23.500   1.4555   0.13179   0.12895  -0.0205  0.0002  0.9331  -6.7739   0.0000   0.2156
  24.000   1.4509   0.13698   0.13419  -0.0222  0.0003  0.9331  -7.1080   0.0000   0.2154
  24.500   1.4398   0.14319   0.14049  -0.0247  0.0003  0.9331  -7.3663   0.0000   0.2158
  25.000   1.4275   0.14970   0.14708  -0.0276  0.0003  0.9331  -7.6047   0.0000   0.2166
  25.500   1.4171   0.15593   0.15339  -0.0306  0.0004  0.9331  -7.8601   0.0000   0.2173
  26.000   1.4127   0.16110   0.15861  -0.0331  0.0004  0.9331  -8.1910   0.0000   0.2177
  26.500   1.4010   0.16759   0.16520  -0.0366  0.0004  0.9331  -8.4187   0.0000   0.2189
  27.000   1.3894   0.17401   0.17170  -0.0403  0.0005  0.9331  -8.6401   0.0000   0.2203
  27.500   1.3853   0.17902   0.17676  -0.0433  0.0005  0.9331  -8.9684   0.0000   0.2209
  28.000   1.3732   0.18562   0.18345  -0.0474  0.0006  0.9331  -9.1649   0.0000   0.2227
  28.500   1.3606   0.19236   0.19028  -0.0518  0.0006  0.9331  -9.3413   0.0000   0.2248
  29.000   1.3559   0.19750   0.19548  -0.0553  0.0007  0.9331  -9.6425   0.0000   0.2258
  29.500   1.3438   0.20418   0.20224  -0.0600  0.0008  0.9331  -9.8026   0.0000   0.2281
  30.000   1.3302   0.21123   0.20938  -0.0650  0.0008  0.9331  -9.9179   0.0000   0.2309


