QBlade v0.963 64bit

 Calculated polar for: perfil4

 1 1 Reynolds number fixed          Mach number fixed         

 xtrf =   1.000 (top)        1.000 (bottom)
 Mach =   0.000     Re =    10.945 e 6     Ncrit =   7.000

  alpha     CL        CD       CDp       Cm    Top Xtr Bot Xtr   Cpmin    Chinge    XCp    
 ------- -------- --------- --------- -------- ------- ------- -------- --------- ---------
  -3.500   0.1416   0.03435   0.03174  -0.0655  0.3668  0.0045  -4.5663   0.0000   0.7198
  -3.000   0.2024   0.03055   0.02785  -0.0688  0.3621  0.0047  -4.1216   0.0000   0.5936
  -2.500   0.2636   0.02695   0.02412  -0.0714  0.3532  0.0051  -3.7113   0.0000   0.5228
  -2.000   0.3270   0.02260   0.01961  -0.0738  0.3466  0.0060  -3.4644   0.0000   0.4764
  -1.500   0.3882   0.01925   0.01611  -0.0751  0.3417  0.0065  -3.1307   0.0000   0.4431
  -1.000   0.4483   0.01656   0.01323  -0.0758  0.3309  0.0068  -2.7621   0.0000   0.4179
   0.500   0.6264   0.00702   0.00268  -0.0757  0.3137  0.0072  -2.6658   0.0000   0.3676
   1.000   0.6828   0.00645   0.00197  -0.0752  0.3077  0.0073  -2.3322   0.0000   0.3563
   1.500   0.7393   0.00635   0.00183  -0.0749  0.3012  0.0073  -1.8750   0.0000   0.3467
   2.000   0.7956   0.00626   0.00165  -0.0745  0.2902  0.0073  -1.5047   0.0000   0.3384
   2.500   0.8520   0.00624   0.00161  -0.0742  0.2856  0.0103  -1.5047   0.0000   0.3312
   3.000   0.9078   0.00633   0.00168  -0.0738  0.2748  0.0115  -1.5799   0.0000   0.3249
   3.500   0.9637   0.00638   0.00172  -0.0735  0.2692  0.0133  -1.6565   0.0000   0.3192
   4.000   1.0188   0.00651   0.00183  -0.0732  0.2565  0.0199  -1.7370   0.0000   0.3140
   4.500   1.0740   0.00657   0.00191  -0.0728  0.2518  0.0327  -1.8218   0.0000   0.3093
   5.000   1.1281   0.00672   0.00208  -0.0724  0.2377  0.0813  -1.9113   0.0000   0.3049
   5.500   1.1790   0.00590   0.00245  -0.0718  0.2309  0.9221  -2.0008   0.0000   0.3009
   6.000   1.2325   0.00613   0.00261  -0.0713  0.2192  0.9221  -2.0969   0.0000   0.2971
   6.500   1.2847   0.00644   0.00284  -0.0706  0.2045  0.9221  -2.2005   0.0000   0.2935
   7.000   1.3368   0.00669   0.00304  -0.0700  0.1964  0.9221  -2.3113   0.0000   0.2901
   7.500   1.3880   0.00697   0.00326  -0.0692  0.1853  0.9221  -2.4285   0.0000   0.2868
   8.000   1.4374   0.00734   0.00355  -0.0682  0.1711  0.9221  -2.5541   0.0000   0.2835
   8.500   1.4853   0.00776   0.00389  -0.0670  0.1561  0.9221  -2.6876   0.0000   0.2803
   9.000   1.5332   0.00809   0.00418  -0.0658  0.1492  0.9221  -2.8287   0.0000   0.2773
   9.500   1.5783   0.00854   0.00456  -0.0642  0.1357  0.9221  -2.9778   0.0000   0.2741
  10.000   1.6222   0.00899   0.00494  -0.0624  0.1245  0.9221  -3.1298   0.0000   0.2710
  10.500   1.6625   0.00953   0.00543  -0.0601  0.1113  0.9221  -3.2903   0.0000   0.2678
  11.000   1.7038   0.00993   0.00580  -0.0580  0.1070  0.9221  -3.4560   0.0000   0.2647
  11.500   1.7269   0.01106   0.00676  -0.0531  0.0789  0.9221  -3.5954   0.0000   0.2605
  12.000   1.7527   0.01182   0.00747  -0.0487  0.0670  0.9221  -3.7508   0.0000   0.2565
  12.500   1.7714   0.01262   0.00825  -0.0431  0.0572  0.9221  -3.8928   0.0000   0.2521
  13.000   1.7562   0.01367   0.00931  -0.0321  0.0511  0.9221  -3.9622   0.0000   0.2452
  13.500   1.7577   0.01489   0.01055  -0.0250  0.0438  0.9221  -4.0674   0.0000   0.2402
  14.500   1.7431   0.01933   0.01499  -0.0119  0.0256  0.9221  -4.2460   0.0000   0.2308
  16.000   1.6258   0.03912   0.03505  -0.0017  0.0000  0.9221  -4.2251   0.0000   0.2215
  16.500   1.6089   0.04476   0.04080  -0.0005  0.0000  0.9221  -4.2745   0.0000   0.2196
  17.000   1.5850   0.05138   0.04754  -0.0000  0.0000  0.9221  -4.2995   0.0000   0.2181
  17.500   1.5665   0.05762   0.05388   0.0003  0.0001  0.9221  -4.3381   0.0000   0.2166
  18.000   1.5479   0.06400   0.06036   0.0003  0.0002  0.9221  -4.3732   0.0000   0.2154
  18.500   1.5254   0.07104   0.06751  -0.0002  0.0002  0.9221  -4.3929   0.0000   0.2145
  19.000   1.5035   0.07820   0.07477  -0.0010  0.0002  0.9221  -4.4108   0.0000   0.2138
  19.500   1.4850   0.08495   0.08161  -0.0019  0.0002  0.9221  -4.4380   0.0000   0.2132
  20.000   1.4725   0.09098   0.08772  -0.0026  0.0002  0.9221  -4.4973   0.0000   0.2124
  20.500   1.4545   0.09793   0.09476  -0.0039  0.0002  0.9221  -4.5322   0.0000   0.2121
  21.000   1.4363   0.10490   0.10183  -0.0055  0.0002  0.9221  -4.5793   0.0000   0.2120
  21.500   1.4186   0.11193   0.10895  -0.0074  0.0002  0.9221  -4.7583   0.0000   0.2121
  22.000   1.4018   0.11895   0.11606  -0.0094  0.0002  0.9221  -4.9411   0.0000   0.2124
  22.500   1.3877   0.12558   0.12277  -0.0116  0.0002  0.9221  -5.1453   0.0000   0.2127
  23.000   1.3800   0.13112   0.12838  -0.0133  0.0002  0.9221  -5.4118   0.0000   0.2127
  23.500   1.3651   0.13796   0.13530  -0.0160  0.0002  0.9221  -5.6013   0.0000   0.2134
  24.000   1.3510   0.14475   0.14218  -0.0189  0.0002  0.9221  -5.7920   0.0000   0.2144
  24.500   1.3467   0.14987   0.14735  -0.0210  0.0002  0.9221  -6.0897   0.0000   0.2146
  25.000   1.3333   0.15658   0.15414  -0.0243  0.0002  0.9221  -6.2785   0.0000   0.2159
  25.500   1.3195   0.16332   0.16097  -0.0277  0.0003  0.9221  -6.4552   0.0000   0.2174
  26.000   1.3156   0.16833   0.16603  -0.0303  0.0003  0.9221  -6.7534   0.0000   0.2179
  26.500   1.3028   0.17505   0.17283  -0.0340  0.0003  0.9221  -6.9278   0.0000   0.2197
  27.000   1.2894   0.18195   0.17982  -0.0381  0.0003  0.9221  -7.0820   0.0000   0.2218
  27.500   1.2863   0.18680   0.18472  -0.0410  0.0004  0.9221  -7.3823   0.0000   0.2226
  28.000   1.2737   0.19357   0.19157  -0.0452  0.0004  0.9221  -7.5319   0.0000   0.2249
  29.000   1.2579   0.20520   0.20334  -0.0527  0.0005  0.9221  -7.9540   0.0000   0.2285
  29.500   1.2446   0.21210   0.21033  -0.0574  0.0005  0.9221  -8.0547   0.0000   0.2314
  30.000   1.2307   0.21924   0.21755  -0.0622  0.0006  0.9221  -8.1245   0.0000   0.2346


