QBlade v0.963 64bit

 Calculated polar for: perfil6

 1 1 Reynolds number fixed          Mach number fixed         

 xtrf =   1.000 (top)        1.000 (bottom)
 Mach =   0.000     Re =     9.496 e 6     Ncrit =   7.000

  alpha     CL        CD       CDp       Cm    Top Xtr Bot Xtr   Cpmin    Chinge    XCp    
 ------- -------- --------- --------- -------- ------- ------- -------- --------- ---------
  -5.000  -0.1421   0.00780   0.00282  -0.0535  0.2433  0.0166  -5.9739   0.0000  -0.1514
  -4.500  -0.0834   0.00767   0.00265  -0.0524  0.2313  0.0166  -5.4794   0.0000  -0.4148
  -4.000  -0.0247   0.00752   0.00248  -0.0514  0.2282  0.0167  -5.0020   0.0000  -1.9290
  -3.500   0.0339   0.00742   0.00234  -0.0503  0.2205  0.0168  -4.5422   0.0000   1.7921
  -3.000   0.0926   0.00731   0.00221  -0.0493  0.2128  0.0168  -4.1000   0.0000   0.7986
  -2.500   0.1513   0.00723   0.00211  -0.0483  0.2069  0.0169  -3.6755   0.0000   0.5759
  -2.000   0.2099   0.00718   0.00202  -0.0473  0.1973  0.0169  -3.3022   0.0000   0.4776
  -1.500   0.2685   0.00711   0.00194  -0.0463  0.1950  0.0170  -2.9596   0.0000   0.4222
  -1.000   0.3270   0.00707   0.00188  -0.0453  0.1907  0.0170  -2.6305   0.0000   0.3867
  -0.500   0.3854   0.00704   0.00184  -0.0444  0.1807  0.0211  -2.3252   0.0000   0.3619
   0.000   0.4437   0.00700   0.00181  -0.0434  0.1784  0.0234  -2.0211   0.0000   0.3436
   0.500   0.5020   0.00700   0.00181  -0.0425  0.1752  0.0239  -1.7319   0.0000   0.3296
   1.000   0.5600   0.00706   0.00184  -0.0416  0.1680  0.0241  -1.7822   0.0000   0.3184
   1.500   0.6180   0.00709   0.00186  -0.0407  0.1622  0.0251  -1.8988   0.0000   0.3092
   2.000   0.6759   0.00711   0.00189  -0.0399  0.1589  0.0310  -2.0206   0.0000   0.3015
   2.500   0.7334   0.00721   0.00197  -0.0390  0.1530  0.0327  -2.1441   0.0000   0.2950
   3.000   0.7908   0.00728   0.00204  -0.0381  0.1467  0.0388  -2.2695   0.0000   0.2894
   3.500   0.8482   0.00732   0.00211  -0.0373  0.1460  0.0455  -2.3986   0.0000   0.2844
   4.000   0.9053   0.00740   0.00221  -0.0364  0.1438  0.0549  -2.5393   0.0000   0.2800
   4.500   0.9617   0.00757   0.00237  -0.0355  0.1370  0.0698  -2.6810   0.0000   0.2760
   5.000   1.0181   0.00767   0.00251  -0.0347  0.1309  0.0985  -2.8252   0.0000   0.2724
   5.500   1.0744   0.00774   0.00264  -0.0338  0.1303  0.1380  -2.9718   0.0000   0.2691
   6.000   1.1303   0.00779   0.00281  -0.0330  0.1290  0.2222  -3.1200   0.0000   0.2660
   6.500   1.1854   0.00787   0.00306  -0.0321  0.1255  0.3584  -3.2690   0.0000   0.2632
   7.000   1.2376   0.00731   0.00342  -0.0310  0.1209  0.9389  -3.4205   0.0000   0.2604
   7.500   1.2922   0.00755   0.00363  -0.0300  0.1156  0.9389  -3.5866   0.0000   0.2577
   8.000   1.3465   0.00776   0.00382  -0.0291  0.1149  0.9389  -3.7553   0.0000   0.2552
   8.500   1.4002   0.00799   0.00403  -0.0280  0.1135  0.9389  -3.9253   0.0000   0.2528
   9.000   1.4527   0.00830   0.00431  -0.0269  0.1104  0.9389  -4.0953   0.0000   0.2504
   9.500   1.5043   0.00866   0.00462  -0.0257  0.1064  0.9389  -4.2654   0.0000   0.2481
  10.000   1.5556   0.00896   0.00490  -0.0244  0.1021  0.9389  -4.4376   0.0000   0.2458
  10.500   1.6067   0.00923   0.00517  -0.0232  0.1006  0.9389  -4.6117   0.0000   0.2435
  11.000   1.6572   0.00949   0.00543  -0.0219  0.1002  0.9389  -4.8003   0.0000   0.2413
  11.500   1.7066   0.00978   0.00572  -0.0205  0.0996  0.9389  -4.9918   0.0000   0.2391
  12.000   1.7541   0.01015   0.00608  -0.0188  0.0975  0.9389  -5.1814   0.0000   0.2368
  12.500   1.7985   0.01069   0.00658  -0.0168  0.0933  0.9389  -5.3658   0.0000   0.2344
  13.000   1.8428   0.01112   0.00700  -0.0148  0.0898  0.9389  -5.5525   0.0000   0.2320
  13.500   1.8865   0.01152   0.00741  -0.0127  0.0869  0.9389  -5.7398   0.0000   0.2296
  14.000   1.9294   0.01188   0.00779  -0.0106  0.0863  0.9389  -5.9278   0.0000   0.2272
  14.500   1.9707   0.01225   0.00818  -0.0082  0.0861  0.9389  -6.1140   0.0000   0.2248
  15.000   2.0099   0.01265   0.00860  -0.0056  0.0858  0.9389  -6.2971   0.0000   0.2223
  15.500   2.0465   0.01307   0.00906  -0.0027  0.0854  0.9389  -6.4756   0.0000   0.2196
  16.000   2.0794   0.01356   0.00958   0.0007  0.0847  0.9389  -6.6475   0.0000   0.2168
  16.500   2.1055   0.01418   0.01022   0.0050  0.0831  0.9389  -6.8188   0.0000   0.2136
  17.000   2.0987   0.01519   0.01125   0.0144  0.0793  0.9389  -6.9060   0.0000   0.2080
  17.500   2.1001   0.01632   0.01242   0.0214  0.0744  0.9389  -7.0116   0.0000   0.2036
  18.000   2.1185   0.01723   0.01337   0.0257  0.0727  0.9389  -7.1620   0.0000   0.2004
  18.500   2.1299   0.01842   0.01464   0.0303  0.0726  0.9389  -7.2932   0.0000   0.1971
  19.000   2.1386   0.01995   0.01624   0.0344  0.0723  0.9389  -7.4153   0.0000   0.1940
  19.500   2.1423   0.02214   0.01852   0.0377  0.0719  0.9389  -7.5203   0.0000   0.1912
  20.000   2.1360   0.02568   0.02216   0.0397  0.0712  0.9389  -7.5898   0.0000   0.1889
  20.500   2.1074   0.03257   0.02921   0.0385  0.0700  0.9389  -7.5766   0.0000   0.1877
  21.000   2.0274   0.04595   0.04285   0.0333  0.0692  0.9389  -7.3751   0.0000   0.1880
  21.500   1.8838   0.06583   0.06309   0.0254  0.0696  0.9389  -6.9372   0.0000   0.1894
  22.000   1.7635   0.08466   0.08220   0.0167  0.0691  0.9389  -6.5530   0.0000   0.1919
  22.500   1.6705   0.10110   0.09883   0.0087  0.0677  0.9389  -6.2461   0.0000   0.1948
  23.000   1.5833   0.11767   0.11559  -0.0002  0.0657  0.9389  -5.9356   0.0000   0.1988
  24.500   1.4627   0.14955   0.14781  -0.0184  0.0598  0.9389  -5.4917   0.0000   0.2075
  25.000   1.4660   0.15358   0.15188  -0.0205  0.0596  0.9389  -5.5325   0.0000   0.2073
  25.500   1.4730   0.15698   0.15531  -0.0223  0.0594  0.9389  -5.6055   0.0000   0.2069
  26.000   1.4402   0.16699   0.16544  -0.0290  0.0590  0.9389  -5.4730   0.0000   0.2106
  26.500   1.4486   0.17004   0.16852  -0.0308  0.0585  0.9389  -5.5490   0.0000   0.2101
  27.000   1.4528   0.17372   0.17220  -0.0332  0.0571  0.9389  -5.6023   0.0000   0.2101
  27.500   1.3876   0.18957   0.18816  -0.0446  0.0529  0.9389  -5.2574   0.0000   0.2188
  28.000   1.3692   0.19745   0.19609  -0.0503  0.0487  0.9389  -5.1607   0.0000   0.2221
  29.000   1.3890   0.20234   0.20100  -0.0542  0.0472  0.9389  -5.3121   0.0000   0.2207
  29.500   1.3980   0.20482   0.20350  -0.0564  0.0468  0.9389  -5.3820   0.0000   0.2201


