QBlade v0.963 64bit

 Calculated polar for: perfil1

 1 1 Reynolds number fixed          Mach number fixed         

 xtrf =   1.000 (top)        1.000 (bottom)
 Mach =   0.000     Re =     7.723 e 6     Ncrit =   7.000

  alpha     CL        CD       CDp       Cm    Top Xtr Bot Xtr   Cpmin    Chinge    XCp    
 ------- -------- --------- --------- -------- ------- ------- -------- --------- ---------
   0.500   0.5956   0.00645   0.00187  -0.0765  0.3828  0.0064  -3.0581   0.0000   0.3758
   1.000   0.6527   0.00619   0.00151  -0.0764  0.3746  0.0082  -2.5973   0.0000   0.3637
   1.500   0.7097   0.00616   0.00150  -0.0764  0.3706  0.0095  -2.0366   0.0000   0.3537
   2.000   0.7667   0.00613   0.00149  -0.0764  0.3683  0.0099  -1.5209   0.0000   0.3450
   2.500   0.8234   0.00614   0.00150  -0.0764  0.3629  0.0101  -1.4009   0.0000   0.3376
   3.000   0.8800   0.00617   0.00150  -0.0764  0.3556  0.0102  -1.4598   0.0000   0.3310
   3.500   0.9366   0.00614   0.00149  -0.0764  0.3518  0.0150  -1.5196   0.0000   0.3251
   4.000   0.9930   0.00615   0.00153  -0.0764  0.3494  0.0211  -1.5824   0.0000   0.3199
   4.500   1.0490   0.00621   0.00160  -0.0764  0.3432  0.0369  -1.6452   0.0000   0.3152
   5.000   1.1047   0.00625   0.00172  -0.0764  0.3352  0.1058  -1.7101   0.0000   0.3108
   5.500   1.1576   0.00527   0.00204  -0.0763  0.3317  0.9369  -1.7743   0.0000   0.3069
   6.000   1.2122   0.00555   0.00222  -0.0763  0.3132  0.9369  -1.8404   0.0000   0.3032
   6.500   1.2657   0.00591   0.00246  -0.0761  0.2903  0.9369  -1.9061   0.0000   0.2997
   7.000   1.3190   0.00623   0.00269  -0.0759  0.2731  0.9369  -1.9762   0.0000   0.2964
   7.500   1.3702   0.00675   0.00306  -0.0755  0.2435  0.9369  -2.0474   0.0000   0.2931
   8.000   1.4197   0.00735   0.00350  -0.0749  0.2129  0.9369  -2.1748   0.0000   0.2900
   8.500   1.4676   0.00800   0.00399  -0.0740  0.1841  0.9369  -2.3473   0.0000   0.2869
   9.000   1.5061   0.00935   0.00499  -0.0719  0.1192  0.9369  -2.5184   0.0000   0.2834
   9.500   1.5465   0.01026   0.00572  -0.0699  0.0873  0.9369  -2.7045   0.0000   0.2800
  10.000   1.5838   0.01117   0.00649  -0.0674  0.0623  0.9369  -2.9099   0.0000   0.2765
  10.500   1.6222   0.01181   0.00709  -0.0651  0.0547  0.9369  -3.1244   0.0000   0.2731
  11.000   1.6584   0.01243   0.00769  -0.0624  0.0478  0.9369  -3.3391   0.0000   0.2697
  11.500   1.6836   0.01336   0.00857  -0.0581  0.0364  0.9369  -3.5305   0.0000   0.2657
  12.000   1.6993   0.01429   0.00950  -0.0522  0.0308  0.9369  -3.7283   0.0000   0.2610
  12.500   1.6916   0.01553   0.01078  -0.0430  0.0263  0.9369  -3.8608   0.0000   0.2548
  13.000   1.6890   0.01744   0.01272  -0.0362  0.0197  0.9369  -4.0064   0.0000   0.2499
  13.500   1.6950   0.01957   0.01490  -0.0317  0.0180  0.9369  -4.1808   0.0000   0.2462
  14.000   1.6894   0.02303   0.01841  -0.0277  0.0140  0.9369  -4.3146   0.0000   0.2428
  14.500   1.6889   0.02665   0.02210  -0.0249  0.0116  0.9369  -4.4658   0.0000   0.2400
  15.500   1.6490   0.03791   0.03354  -0.0198  0.0050  0.9369  -4.6201   0.0000   0.2350
  16.000   1.6263   0.04423   0.03996  -0.0180  0.0036  0.9369  -4.6682   0.0000   0.2329
  16.500   1.6113   0.04992   0.04574  -0.0166  0.0020  0.9369  -4.7516   0.0000   0.2310
  17.000   1.5994   0.05552   0.05142  -0.0155  0.0017  0.9369  -4.8606   0.0000   0.2292
  18.000   1.5546   0.06944   0.06555  -0.0144  0.0000  0.9369  -4.9776   0.0000   0.2264
  18.500   1.5418   0.07556   0.07177  -0.0143  0.0000  0.9369  -5.1032   0.0000   0.2252
  19.000   1.5293   0.08167   0.07797  -0.0143  0.0001  0.9369  -5.2195   0.0000   0.2240
  19.500   1.5194   0.08756   0.08394  -0.0144  0.0002  0.9369  -5.3446   0.0000   0.2230
  20.000   1.5143   0.09282   0.08927  -0.0146  0.0002  0.9369  -5.4962   0.0000   0.2218
  20.500   1.5027   0.09900   0.09554  -0.0152  0.0002  0.9369  -5.6806   0.0000   0.2210
  21.000   1.4929   0.10503   0.10165  -0.0160  0.0002  0.9369  -5.9607   0.0000   0.2204
  21.500   1.4886   0.11026   0.10695  -0.0167  0.0002  0.9369  -6.2954   0.0000   0.2195
  22.000   1.4772   0.11657   0.11335  -0.0180  0.0003  0.9369  -6.5618   0.0000   0.2192
  22.500   1.4684   0.12249   0.11936  -0.0194  0.0003  0.9369  -6.8542   0.0000   0.2188
  23.000   1.4631   0.12793   0.12487  -0.0208  0.0004  0.9369  -7.1823   0.0000   0.2185
  23.500   1.4524   0.13430   0.13133  -0.0229  0.0005  0.9369  -7.4455   0.0000   0.2186
  24.000   1.4441   0.14022   0.13734  -0.0250  0.0007  0.9369  -7.6952   0.0000   0.2187
  24.500   1.4391   0.14560   0.14279  -0.0271  0.0007  0.9369  -8.0216   0.0000   0.2188
  25.000   1.4293   0.15187   0.14915  -0.0298  0.0007  0.9369  -8.2849   0.0000   0.2194
  25.500   1.4222   0.15770   0.15506  -0.0325  0.0007  0.9369  -8.5768   0.0000   0.2199
  26.000   1.4168   0.16323   0.16067  -0.0353  0.0007  0.9369  -8.8878   0.0000   0.2204
  26.500   1.4064   0.16968   0.16721  -0.0388  0.0007  0.9369  -9.1229   0.0000   0.2216
  27.000   1.3954   0.17617   0.17380  -0.0426  0.0007  0.9369  -9.3417   0.0000   0.2230
  27.500   1.3868   0.18228   0.18000  -0.0463  0.0007  0.9369  -9.5852   0.0000   0.2243
  28.000   1.3784   0.18839   0.18619  -0.0501  0.0007  0.9369  -9.8229   0.0000   0.2257
  28.500   1.3658   0.19541   0.19332  -0.0548  0.0007  0.9369  -9.9751   0.0000   0.2280
  29.000   1.3522   0.20268   0.20070  -0.0598  0.0007  0.9369  -10.0924   0.0000   0.2306
  29.500   1.3378   0.21024   0.20836  -0.0651  0.0007  0.9369  -10.1695   0.0000   0.2335
  30.000   1.3223   0.21812   0.21636  -0.0708  0.0007  0.9369  -10.1995   0.0000   0.2369


