QBlade v0.963 64bit

 Calculated polar for: perfil9

 1 1 Reynolds number fixed          Mach number fixed         

 xtrf =   1.000 (top)        1.000 (bottom)
 Mach =   0.000     Re =     5.821 e 6     Ncrit =   7.000

  alpha     CL        CD       CDp       Cm    Top Xtr Bot Xtr   Cpmin    Chinge    XCp    
 ------- -------- --------- --------- -------- ------- ------- -------- --------- ---------
  -5.000  -0.2014   0.00886   0.00368  -0.1238  0.1624  0.0288  -6.1531   0.0000  -0.3935
  -4.500  -0.1439   0.00866   0.00343  -0.1221  0.1559  0.0289  -5.7598   0.0000  -0.6330
  -4.000  -0.0865   0.00847   0.00321  -0.1204  0.1534  0.0289  -5.3767   0.0000  -1.1899
  -3.500  -0.0297   0.00833   0.00301  -0.1185  0.1460  0.0289  -5.0059   0.0000  -3.8528
  -3.000   0.0271   0.00819   0.00283  -0.1166  0.1400  0.0290  -4.6451   0.0000   4.6573
  -2.500   0.0838   0.00806   0.00267  -0.1147  0.1381  0.0290  -4.3114   0.0000   1.6426
  -2.000   0.1399   0.00798   0.00254  -0.1126  0.1335  0.0290  -4.0097   0.0000   1.0642
  -1.500   0.1957   0.00785   0.00238  -0.1105  0.1269  0.0329  -3.7365   0.0000   0.8178
  -1.000   0.2515   0.00775   0.00229  -0.1083  0.1246  0.0352  -3.4500   0.0000   0.6806
  -0.500   0.3070   0.00769   0.00223  -0.1061  0.1227  0.0367  -3.1703   0.0000   0.5933
   0.000   0.3617   0.00771   0.00222  -0.1037  0.1182  0.0374  -2.9003   0.0000   0.5328
   0.500   0.4160   0.00774   0.00222  -0.1012  0.1127  0.0378  -2.6390   0.0000   0.4883
   1.000   0.4704   0.00776   0.00223  -0.0987  0.1098  0.0380  -2.3872   0.0000   0.4540
   1.500   0.5245   0.00777   0.00223  -0.0961  0.1093  0.0381  -2.2294   0.0000   0.4267
   2.000   0.5782   0.00780   0.00225  -0.0935  0.1081  0.0382  -2.3824   0.0000   0.4044
   2.500   0.6312   0.00784   0.00227  -0.0907  0.1054  0.0414  -2.5373   0.0000   0.3859
   3.000   0.6835   0.00792   0.00235  -0.0879  0.1015  0.0460  -2.6937   0.0000   0.3702
   3.500   0.7356   0.00803   0.00244  -0.0850  0.0961  0.0481  -2.8522   0.0000   0.3566
   4.000   0.7876   0.00811   0.00253  -0.0820  0.0952  0.0487  -3.0143   0.0000   0.3448
   4.500   0.8392   0.00819   0.00262  -0.0790  0.0949  0.0520  -3.1785   0.0000   0.3343
   5.000   0.8903   0.00827   0.00273  -0.0760  0.0942  0.0586  -3.3444   0.0000   0.3249
   5.500   0.9407   0.00840   0.00286  -0.0728  0.0928  0.0608  -3.5144   0.0000   0.3165
   6.000   0.9905   0.00856   0.00303  -0.0696  0.0904  0.0693  -3.7002   0.0000   0.3088
   6.500   1.0396   0.00876   0.00322  -0.0663  0.0874  0.0743  -3.8875   0.0000   0.3018
   7.000   1.0884   0.00895   0.00342  -0.0629  0.0838  0.0857  -4.0768   0.0000   0.2953
   7.500   1.1366   0.00912   0.00363  -0.0594  0.0815  0.0998  -4.2679   0.0000   0.2892
   8.000   1.1842   0.00928   0.00383  -0.0559  0.0814  0.1143  -4.4617   0.0000   0.2836
   8.500   1.2312   0.00943   0.00403  -0.0523  0.0812  0.1337  -4.6568   0.0000   0.2782
   9.000   1.2774   0.00959   0.00426  -0.0486  0.0810  0.1633  -4.8530   0.0000   0.2732
   9.500   1.3228   0.00976   0.00450  -0.0447  0.0807  0.2015  -5.0500   0.0000   0.2684
  10.000   1.3673   0.00993   0.00477  -0.0408  0.0800  0.2586  -5.2475   0.0000   0.2638
  10.500   1.4107   0.01014   0.00508  -0.0368  0.0785  0.3377  -5.4448   0.0000   0.2594
  11.000   1.4528   0.01038   0.00547  -0.0327  0.0764  0.4568  -5.6408   0.0000   0.2551
  11.500   1.4903   0.01026   0.00600  -0.0281  0.0743  0.9257  -5.8273   0.0000   0.2507
  12.000   1.5298   0.01062   0.00635  -0.0235  0.0718  0.9257  -6.0201   0.0000   0.2465
  12.500   1.5678   0.01099   0.00671  -0.0188  0.0695  0.9257  -6.2111   0.0000   0.2424
  13.000   1.6043   0.01133   0.00707  -0.0139  0.0683  0.9257  -6.3998   0.0000   0.2383
  13.500   1.6305   0.01161   0.00739  -0.0072  0.0682  0.9257  -6.5683   0.0000   0.2334
  14.000   1.6582   0.01192   0.00772  -0.0010  0.0681  0.9257  -6.7568   0.0000   0.2288
  14.500   1.6888   0.01225   0.00808   0.0047  0.0681  0.9257  -6.9544   0.0000   0.2246
  15.000   1.7201   0.01260   0.00846   0.0101  0.0680  0.9257  -7.1552   0.0000   0.2207
  15.500   1.7511   0.01297   0.00886   0.0153  0.0678  0.9257  -7.3567   0.0000   0.2170
  16.000   1.7748   0.01341   0.00936   0.0214  0.0677  0.9257  -7.5384   0.0000   0.2128
  16.500   1.8027   0.01386   0.00984   0.0268  0.0675  0.9257  -7.7331   0.0000   0.2092
  17.000   1.8329   0.01429   0.01031   0.0317  0.0673  0.9257  -7.9356   0.0000   0.2058
  17.500   1.8628   0.01476   0.01081   0.0366  0.0670  0.9257  -8.1381   0.0000   0.2026
  18.000   1.8914   0.01528   0.01137   0.0414  0.0666  0.9257  -8.3376   0.0000   0.1994
  18.500   1.9177   0.01587   0.01200   0.0464  0.0659  0.9257  -8.5310   0.0000   0.1962
  19.000   1.9406   0.01658   0.01274   0.0516  0.0649  0.9257  -8.7139   0.0000   0.1928
  19.500   1.9514   0.01753   0.01374   0.0579  0.0639  0.9257  -8.8580   0.0000   0.1888
  20.000   1.9657   0.01856   0.01481   0.0635  0.0626  0.9257  -9.0117   0.0000   0.1852
  20.500   1.9789   0.01969   0.01599   0.0687  0.0612  0.9257  -9.1603   0.0000   0.1818
  21.000   1.9818   0.02113   0.01750   0.0745  0.0598  0.9257  -9.2726   0.0000   0.1780
  21.500   1.9867   0.02275   0.01919   0.0794  0.0580  0.9257  -9.3886   0.0000   0.1745
  22.000   1.9810   0.02498   0.02153   0.0842  0.0565  0.9257  -9.4625   0.0000   0.1710
  22.500   1.9642   0.02828   0.02496   0.0878  0.0557  0.9257  -9.4895   0.0000   0.1676
  24.500   1.1693   0.14904   0.14757  -0.0116  0.0550  0.9257  -5.4083   0.0000   0.2188
  25.000   1.1225   0.16168   0.16035  -0.0212  0.0540  0.9257  -5.0622   0.0000   0.2275
  25.500   1.1334   0.16438   0.16304  -0.0219  0.0533  0.9257  -5.1335   0.0000   0.2268
  26.000   1.1430   0.16723   0.16588  -0.0229  0.0521  0.9257  -5.1957   0.0000   0.2262
  27.000   1.1002   0.18429   0.18299  -0.0353  0.0440  0.9257  -4.8174   0.0000   0.2373
  27.500   1.1115   0.18656   0.18527  -0.0361  0.0440  0.9257  -4.8849   0.0000   0.2363
  28.000   1.1213   0.18902   0.18775  -0.0371  0.0439  0.9257  -4.9403   0.0000   0.2357
  29.500   1.0441   0.21827   0.21721  -0.0587  0.0387  0.9257  -4.0339   0.0000   0.2591
  30.000   1.0553   0.22007   0.21897  -0.0596  0.0369  0.9257  -4.0954   0.0000   0.2578


