QBlade v0.963 64bit

 Calculated polar for: perfil2

 1 1 Reynolds number fixed          Mach number fixed         

 xtrf =   1.000 (top)        1.000 (bottom)
 Mach =   0.000     Re =    10.874 e 6     Ncrit =   7.000

  alpha     CL        CD       CDp       Cm    Top Xtr Bot Xtr   Cpmin    Chinge    XCp    
 ------- -------- --------- --------- -------- ------- ------- -------- --------- ---------
  -4.500   0.0160   0.04737   0.04504  -0.0558  0.4124  0.0042  -4.4437   0.0000   3.8309
  -4.000   0.0738   0.04288   0.04049  -0.0612  0.4093  0.0042  -4.0300   0.0000   1.0941
  -3.500   0.1328   0.03872   0.03627  -0.0657  0.4065  0.0043  -3.6117   0.0000   0.7519
   1.000   0.6805   0.00612   0.00170  -0.0797  0.3531  0.0069  -2.4473   0.0000   0.3637
   1.500   0.7373   0.00598   0.00152  -0.0796  0.3489  0.0069  -1.9871   0.0000   0.3538
   2.000   0.7940   0.00592   0.00145  -0.0795  0.3462  0.0095  -1.5365   0.0000   0.3453
   2.500   0.8503   0.00597   0.00149  -0.0794  0.3366  0.0106  -1.4253   0.0000   0.3380
   3.000   0.9067   0.00600   0.00151  -0.0793  0.3297  0.0109  -1.4914   0.0000   0.3315
   3.500   0.9629   0.00599   0.00153  -0.0792  0.3276  0.0149  -1.5586   0.0000   0.3256
   4.000   1.0185   0.00609   0.00161  -0.0791  0.3186  0.0210  -1.6257   0.0000   0.3204
   4.500   1.0740   0.00615   0.00169  -0.0790  0.3105  0.0333  -1.6933   0.0000   0.3156
   5.000   1.1289   0.00624   0.00182  -0.0789  0.3015  0.0849  -1.7608   0.0000   0.3112
   5.500   1.1801   0.00541   0.00218  -0.0785  0.2892  0.9263  -1.8279   0.0000   0.3071
   6.000   1.2337   0.00569   0.00237  -0.0782  0.2721  0.9263  -1.9028   0.0000   0.3033
   6.500   1.2865   0.00600   0.00259  -0.0779  0.2544  0.9263  -1.9776   0.0000   0.2997
   7.000   1.3380   0.00637   0.00285  -0.0773  0.2343  0.9263  -2.0518   0.0000   0.2962
   7.500   1.3874   0.00686   0.00321  -0.0765  0.2076  0.9263  -2.1333   0.0000   0.2928
   8.000   1.4366   0.00729   0.00353  -0.0757  0.1887  0.9263  -2.2503   0.0000   0.2895
   8.500   1.4814   0.00798   0.00405  -0.0742  0.1563  0.9263  -2.3935   0.0000   0.2860
   9.000   1.5263   0.00852   0.00449  -0.0727  0.1372  0.9263  -2.5568   0.0000   0.2828
   9.500   1.5693   0.00909   0.00497  -0.0709  0.1196  0.9263  -2.7260   0.0000   0.2795
  10.000   1.6087   0.00975   0.00552  -0.0686  0.0985  0.9263  -2.9077   0.0000   0.2760
  10.500   1.6434   0.01052   0.00619  -0.0656  0.0798  0.9263  -3.0893   0.0000   0.2724
  11.000   1.6776   0.01115   0.00676  -0.0625  0.0686  0.9263  -3.2741   0.0000   0.2688
  11.500   1.7000   0.01208   0.00761  -0.0575  0.0529  0.9263  -3.4572   0.0000   0.2645
  12.000   1.6982   0.01318   0.00868  -0.0485  0.0380  0.9263  -3.5831   0.0000   0.2584
  12.500   1.6926   0.01439   0.00989  -0.0397  0.0310  0.9263  -3.6996   0.0000   0.2523
  13.000   1.6937   0.01586   0.01138  -0.0328  0.0247  0.9263  -3.8342   0.0000   0.2473
  13.500   1.6911   0.01797   0.01352  -0.0267  0.0183  0.9263  -3.9571   0.0000   0.2428
  14.000   1.6895   0.02054   0.01613  -0.0219  0.0152  0.9263  -4.0856   0.0000   0.2389
  14.500   1.6847   0.02389   0.01953  -0.0181  0.0109  0.9263  -4.1990   0.0000   0.2356
  15.000   1.6668   0.02874   0.02444  -0.0147  0.0065  0.9263  -4.2702   0.0000   0.2325
  15.500   1.6466   0.03408   0.02988  -0.0120  0.0036  0.9263  -4.3313   0.0000   0.2298
  16.000   1.6344   0.03894   0.03481  -0.0098  0.0017  0.9263  -4.4265   0.0000   0.2274
  16.500   1.6198   0.04436   0.04033  -0.0083  0.0016  0.9263  -4.5196   0.0000   0.2253
  17.000   1.5885   0.05154   0.04763  -0.0070  0.0000  0.9263  -4.5605   0.0000   0.2234
  17.500   1.5719   0.05750   0.05369  -0.0061  0.0000  0.9263  -4.6450   0.0000   0.2217
  18.000   1.5565   0.06344   0.05972  -0.0056  0.0000  0.9263  -4.7292   0.0000   0.2202
  18.500   1.5430   0.06931   0.06567  -0.0053  0.0001  0.9263  -4.8216   0.0000   0.2188
  19.000   1.5294   0.07532   0.07177  -0.0052  0.0002  0.9263  -4.9112   0.0000   0.2175
  19.500   1.5153   0.08139   0.07793  -0.0054  0.0002  0.9263  -4.9952   0.0000   0.2164
  20.000   1.5016   0.08759   0.08422  -0.0058  0.0002  0.9263  -5.0851   0.0000   0.2155
  20.500   1.4903   0.09351   0.09021  -0.0063  0.0002  0.9263  -5.3511   0.0000   0.2146
  21.000   1.4835   0.09875   0.09552  -0.0068  0.0002  0.9263  -5.6602   0.0000   0.2136
  21.500   1.4699   0.10509   0.10194  -0.0079  0.0002  0.9263  -5.9081   0.0000   0.2131
  22.000   1.4573   0.11135   0.10829  -0.0092  0.0002  0.9263  -6.1645   0.0000   0.2127
  22.500   1.4531   0.11629   0.11329  -0.0101  0.0002  0.9263  -6.5079   0.0000   0.2120
  23.000   1.4403   0.12260   0.11967  -0.0118  0.0003  0.9263  -6.7612   0.0000   0.2119
  23.500   1.4283   0.12885   0.12601  -0.0138  0.0003  0.9263  -7.0201   0.0000   0.2120
  24.000   1.4245   0.13378   0.13100  -0.0154  0.0003  0.9263  -7.3719   0.0000   0.2117
  24.500   1.4125   0.14006   0.13736  -0.0178  0.0004  0.9263  -7.6245   0.0000   0.2121
  25.000   1.4009   0.14626   0.14365  -0.0204  0.0004  0.9263  -7.8761   0.0000   0.2127
  25.500   1.3972   0.15116   0.14861  -0.0226  0.0004  0.9263  -8.2275   0.0000   0.2127
  26.000   1.3857   0.15743   0.15496  -0.0257  0.0005  0.9263  -8.4706   0.0000   0.2136
  26.500   1.3743   0.16373   0.16135  -0.0290  0.0005  0.9263  -8.7050   0.0000   0.2147
  27.000   1.3705   0.16862   0.16629  -0.0316  0.0006  0.9263  -9.0466   0.0000   0.2151
  27.500   1.3587   0.17491   0.17266  -0.0353  0.0007  0.9263  -9.2620   0.0000   0.2166
  28.000   1.3463   0.18136   0.17921  -0.0393  0.0007  0.9263  -9.4523   0.0000   0.2183
  28.500   1.3343   0.18780   0.18573  -0.0434  0.0008  0.9263  -9.6359   0.0000   0.2201
  29.000   1.3291   0.19289   0.19089  -0.0468  0.0008  0.9263  -9.9359   0.0000   0.2212
  29.500   1.3160   0.19961   0.19770  -0.0514  0.0008  0.9263  -10.0809   0.0000   0.2235
  30.000   1.3021   0.20653   0.20471  -0.0562  0.0008  0.9263  -10.1929   0.0000   0.2262


