QBlade v0.963 64bit

 Calculated polar for: DU21

 1 1 Reynolds number fixed          Mach number fixed         

 xtrf =   1.000 (top)        1.000 (bottom)
 Mach =   0.000     Re =    11.720 e 6     Ncrit =   7.000

  alpha     CL        CD       CDp       Cm    Top Xtr Bot Xtr   Cpmin    Chinge    XCp    
 ------- -------- --------- --------- -------- ------- ------- -------- --------- ---------
  -5.000  -0.0971   0.00589   0.00168  -0.1177  0.5145  0.2008  -1.0196   0.0000  -1.0142
  -4.500  -0.0327   0.00562   0.00151  -0.1199  0.5091  0.2333  -0.9079   0.0000  -3.5438
  -4.000   0.0311   0.00544   0.00139  -0.1218  0.5051  0.2567  -0.8469   0.0000   4.2804
  -3.500   0.0954   0.00521   0.00126  -0.1239  0.4979  0.2944  -0.7874   0.0000   1.5807
  -3.000   0.1593   0.00504   0.00118  -0.1258  0.4943  0.3241  -0.8047   0.0000   1.0549
  -2.500   0.2228   0.00492   0.00112  -0.1276  0.4876  0.3534  -0.8437   0.0000   0.8307
  -2.000   0.2857   0.00488   0.00109  -0.1292  0.4820  0.3678  -0.8832   0.0000   0.7061
  -1.500   0.3484   0.00485   0.00108  -0.1307  0.4773  0.3799  -0.9234   0.0000   0.6265
  -1.000   0.4108   0.00486   0.00109  -0.1321  0.4698  0.3900  -0.9649   0.0000   0.5712
  -0.500   0.4734   0.00484   0.00109  -0.1336  0.4654  0.4025  -1.0066   0.0000   0.5304
   0.000   0.5355   0.00487   0.00112  -0.1350  0.4565  0.4145  -1.0488   0.0000   0.4992
   0.500   0.5978   0.00487   0.00114  -0.1364  0.4516  0.4271  -1.0921   0.0000   0.4743
   1.000   0.6595   0.00493   0.00119  -0.1377  0.4424  0.4369  -1.1351   0.0000   0.4541
   1.500   0.7209   0.00501   0.00125  -0.1389  0.4332  0.4431  -1.1805   0.0000   0.4373
   2.000   0.7821   0.00509   0.00132  -0.1401  0.4215  0.4543  -1.2266   0.0000   0.4230
   2.500   0.8425   0.00525   0.00143  -0.1412  0.4034  0.4626  -1.2724   0.0000   0.4108
   3.000   0.9005   0.00562   0.00164  -0.1419  0.3641  0.4692  -1.3181   0.0000   0.4001
   3.500   0.9543   0.00636   0.00206  -0.1419  0.2890  0.4783  -1.3682   0.0000   0.3906
   4.000   1.0060   0.00724   0.00257  -0.1415  0.2090  0.4828  -1.4028   0.0000   0.3820
   4.500   1.0612   0.00775   0.00291  -0.1417  0.1700  0.4899  -1.4544   0.0000   0.3742
   5.000   1.1164   0.00822   0.00326  -0.1418  0.1405  0.4954  -1.5920   0.0000   0.3671
   5.500   1.1697   0.00879   0.00366  -0.1417  0.1069  0.5013  -1.7719   0.0000   0.3605
   6.000   1.2225   0.00935   0.00409  -0.1414  0.0791  0.5070  -1.9635   0.0000   0.3544
   6.500   1.2735   0.00998   0.00458  -0.1408  0.0534  0.5100  -2.1627   0.0000   0.3486
   7.000   1.3256   0.01047   0.00501  -0.1404  0.0405  0.5182  -2.3939   0.0000   0.3433
   7.500   1.3770   0.01096   0.00544  -0.1399  0.0325  0.5225  -2.6370   0.0000   0.3383
   8.000   1.4281   0.01141   0.00586  -0.1394  0.0285  0.5285  -2.8882   0.0000   0.3335
   8.500   1.4785   0.01185   0.00629  -0.1387  0.0259  0.5342  -3.1750   0.0000   0.3290
   9.000   1.5268   0.01234   0.00676  -0.1377  0.0241  0.5378  -3.4724   0.0000   0.3246
   9.500   1.5734   0.01286   0.00727  -0.1364  0.0221  0.5458  -3.7742   0.0000   0.3203
  10.000   1.6165   0.01339   0.00781  -0.1344  0.0212  0.5498  -4.0757   0.0000   0.3160
  10.500   1.6467   0.01407   0.00848  -0.1301  0.0195  0.5558  -4.3459   0.0000   0.3110
  11.000   1.6811   0.01486   0.00929  -0.1269  0.0182  0.5607  -4.6356   0.0000   0.3067
  11.500   1.7141   0.01582   0.01026  -0.1238  0.0174  0.5640  -4.9278   0.0000   0.3025
  12.000   1.7435   0.01709   0.01154  -0.1206  0.0158  0.5715  -5.2133   0.0000   0.2986
  12.500   1.7730   0.01851   0.01298  -0.1177  0.0147  0.5757  -5.5053   0.0000   0.2949
  13.000   1.7976   0.02041   0.01490  -0.1148  0.0131  0.5805  -5.7852   0.0000   0.2914
  13.500   1.8219   0.02252   0.01705  -0.1122  0.0116  0.5860  -6.0685   0.0000   0.2881
  14.000   1.8442   0.02494   0.01949  -0.1098  0.0110  0.5896  -6.3493   0.0000   0.2850
  14.500   1.8628   0.02779   0.02239  -0.1075  0.0102  0.5962  -6.6195   0.0000   0.2821
  15.000   1.8794   0.03090   0.02555  -0.1053  0.0095  0.6013  -6.8851   0.0000   0.2793
  15.500   1.8951   0.03420   0.02889  -0.1033  0.0091  0.6050  -7.1509   0.0000   0.2767
  16.000   1.9091   0.03776   0.03252  -0.1015  0.0090  0.6111  -7.4195   0.0000   0.2742
  16.500   1.9205   0.04165   0.03646  -0.0997  0.0088  0.6152  -7.6896   0.0000   0.2718
  17.000   1.9301   0.04580   0.04068  -0.0980  0.0086  0.6195  -7.9538   0.0000   0.2695
  17.500   1.9362   0.05038   0.04532  -0.0965  0.0082  0.6254  -8.2046   0.0000   0.2673
  18.000   1.9395   0.05535   0.05036  -0.0951  0.0078  0.6289  -8.4439   0.0000   0.2652
  18.500   1.9433   0.06029   0.05536  -0.0938  0.0074  0.6323  -8.6869   0.0000   0.2632
  19.000   1.9457   0.06552   0.06066  -0.0928  0.0070  0.6374  -8.9241   0.0000   0.2614
  19.500   1.9475   0.07082   0.06603  -0.0920  0.0068  0.6414  -9.1602   0.0000   0.2596
  20.000   1.9500   0.07611   0.07139  -0.0913  0.0067  0.6449  -9.4011   0.0000   0.2579
  20.500   1.9515   0.08152   0.07689  -0.0909  0.0067  0.6511  -9.6380   0.0000   0.2563
  21.000   1.9519   0.08712   0.08256  -0.0906  0.0066  0.6552  -9.8697   0.0000   0.2548
  21.500   1.9510   0.09289   0.08841  -0.0905  0.0065  0.6583  -10.0942   0.0000   0.2534
  22.000   1.9478   0.09903   0.09463  -0.0908  0.0064  0.6635  -10.3052   0.0000   0.2521
  22.500   1.9436   0.10534   0.10102  -0.0914  0.0062  0.6673  -10.5088   0.0000   0.2511
  23.000   1.9392   0.11166   0.10742  -0.0923  0.0060  0.6698  -10.7096   0.0000   0.2502
  23.500   1.9351   0.11805   0.11389  -0.0936  0.0059  0.6759  -10.9088   0.0000   0.2494
  24.000   1.9308   0.12444   0.12037  -0.0952  0.0057  0.6809  -11.1037   0.0000   0.2488
  24.500   1.9270   0.13083   0.12683  -0.0972  0.0055  0.6843  -11.2977   0.0000   0.2484
  25.000   1.9239   0.13718   0.13327  -0.0995  0.0053  0.6904  -11.4924   0.0000   0.2481
  25.500   1.9206   0.14353   0.13969  -0.1023  0.0051  0.6945  -11.6821   0.0000   0.2479
  26.000   1.9174   0.14989   0.14613  -0.1053  0.0050  0.6976  -11.8679   0.0000   0.2479
  26.500   1.9143   0.15629   0.15262  -0.1088  0.0048  0.7041  -12.0496   0.0000   0.2481
  27.000   1.9112   0.16269   0.15910  -0.1127  0.0048  0.7089  -12.2277   0.0000   0.2484
  27.500   1.9080   0.16908   0.16559  -0.1169  0.0048  0.7154  -12.4007   0.0000   0.2489
  28.000   1.9041   0.17557   0.17216  -0.1214  0.0047  0.7215  -12.5637   0.0000   0.2496
  28.500   1.8996   0.18217   0.17886  -0.1264  0.0047  0.7277  -12.7161   0.0000   0.2504
  29.000   1.8916   0.18942   0.18622  -0.1322  0.0047  0.7340  -12.8301   0.0000   0.2518
  29.500   1.8845   0.19651   0.19341  -0.1382  0.0047  0.7406  -12.9441   0.0000   0.2533
  30.000   1.8776   0.20354   0.20054  -0.1445  0.0047  0.7485  -13.0521   0.0000   0.2549


