QBlade v0.963 64bit

 Calculated polar for: DU25

 1 1 Reynolds number fixed          Mach number fixed         

 xtrf =   1.000 (top)        1.000 (bottom)
 Mach =   0.000     Re =    10.945 e 6     Ncrit =   7.000

  alpha     CL        CD       CDp       Cm    Top Xtr Bot Xtr   Cpmin    Chinge    XCp    
 ------- -------- --------- --------- -------- ------- ------- -------- --------- ---------
  -5.000  -0.1943   0.00590   0.00197  -0.1135  0.4625  0.3220  -1.3079   0.0000  -0.3712
  -4.500  -0.1279   0.00579   0.00186  -0.1159  0.4552  0.3331  -1.2435   0.0000  -0.7049
  -4.000  -0.0624   0.00572   0.00179  -0.1181  0.4494  0.3411  -1.1812   0.0000  -1.7280
  -3.500   0.0032   0.00566   0.00172  -0.1203  0.4427  0.3490  -1.1224   0.0000  39.0104
  -3.000   0.0685   0.00561   0.00167  -0.1224  0.4389  0.3561  -1.0657   0.0000   2.0868
  -2.500   0.1334   0.00559   0.00164  -0.1244  0.4319  0.3623  -1.0128   0.0000   1.2008
  -2.000   0.1986   0.00555   0.00160  -0.1264  0.4283  0.3701  -0.9611   0.0000   0.8945
  -1.500   0.2633   0.00554   0.00159  -0.1283  0.4236  0.3760  -0.9946   0.0000   0.7399
  -1.000   0.3279   0.00554   0.00158  -0.1302  0.4165  0.3841  -1.0406   0.0000   0.6463
  -0.500   0.3925   0.00552   0.00158  -0.1320  0.4145  0.3896  -1.0870   0.0000   0.5834
   0.000   0.4570   0.00552   0.00158  -0.1338  0.4107  0.3979  -1.1335   0.0000   0.5383
   0.500   0.5209   0.00556   0.00161  -0.1354  0.4044  0.4033  -1.1798   0.0000   0.5043
   1.000   0.5853   0.00555   0.00162  -0.1372  0.4016  0.4126  -1.2279   0.0000   0.4776
   1.500   0.6488   0.00560   0.00166  -0.1387  0.3969  0.4165  -1.2761   0.0000   0.4562
   2.000   0.7125   0.00564   0.00171  -0.1403  0.3900  0.4258  -1.3245   0.0000   0.4385
   2.500   0.7760   0.00567   0.00175  -0.1418  0.3875  0.4311  -1.3748   0.0000   0.4236
   3.000   0.8389   0.00576   0.00183  -0.1432  0.3781  0.4400  -1.4266   0.0000   0.4110
   3.500   0.9015   0.00586   0.00191  -0.1445  0.3704  0.4443  -1.4785   0.0000   0.3999
   4.000   0.9627   0.00608   0.00206  -0.1456  0.3487  0.4525  -1.5314   0.0000   0.3903
   4.500   1.0196   0.00667   0.00242  -0.1460  0.2994  0.4561  -1.5817   0.0000   0.3816
   5.000   1.0692   0.00787   0.00314  -0.1453  0.2024  0.4615  -1.6318   0.0000   0.3737
   5.500   1.1206   0.00882   0.00377  -0.1448  0.1367  0.4675  -1.6826   0.0000   0.3664
   6.000   1.1732   0.00956   0.00430  -0.1444  0.0964  0.4703  -1.8110   0.0000   0.3596
   6.500   1.2282   0.01006   0.00470  -0.1444  0.0765  0.4769  -2.0367   0.0000   0.3535
   7.000   1.2814   0.01063   0.00517  -0.1441  0.0580  0.4810  -2.2711   0.0000   0.3477
   8.000   1.3855   0.01173   0.00612  -0.1430  0.0350  0.4895  -2.7942   0.0000   0.3371
   8.500   1.4356   0.01230   0.00665  -0.1421  0.0279  0.4937  -3.0763   0.0000   0.3322
   9.000   1.4840   0.01288   0.00719  -0.1410  0.0231  0.4962  -3.3642   0.0000   0.3275
   9.500   1.5307   0.01346   0.00775  -0.1396  0.0199  0.5020  -3.6568   0.0000   0.3229
  10.000   1.5732   0.01408   0.00837  -0.1374  0.0175  0.5071  -3.9466   0.0000   0.3184
  10.500   1.6009   0.01485   0.00913  -0.1326  0.0152  0.5093  -4.2011   0.0000   0.3130
  11.000   1.6350   0.01575   0.01003  -0.1293  0.0142  0.5129  -4.4807   0.0000   0.3085
  11.500   1.6655   0.01694   0.01123  -0.1260  0.0125  0.5183  -4.7550   0.0000   0.3042
  12.000   1.6963   0.01828   0.01259  -0.1231  0.0116  0.5218  -5.0361   0.0000   0.3003
  12.500   1.7246   0.01994   0.01427  -0.1203  0.0109  0.5237  -5.3148   0.0000   0.2966
  13.000   1.7499   0.02199   0.01635  -0.1177  0.0100  0.5296  -5.5873   0.0000   0.2931
  13.500   1.7739   0.02433   0.01873  -0.1154  0.0091  0.5338  -5.8600   0.0000   0.2899
  14.000   1.7962   0.02698   0.02141  -0.1133  0.0090  0.5362  -6.1312   0.0000   0.2870
  14.500   1.8150   0.03002   0.02450  -0.1113  0.0087  0.5400  -6.3935   0.0000   0.2841
  15.000   1.8293   0.03358   0.02812  -0.1093  0.0084  0.5443  -6.6420   0.0000   0.2815
  15.500   1.8399   0.03759   0.03219  -0.1075  0.0081  0.5477  -6.8786   0.0000   0.2791
  16.000   1.8477   0.04201   0.03666  -0.1058  0.0077  0.5496  -7.1060   0.0000   0.2767
  16.500   1.8534   0.04681   0.04152  -0.1043  0.0074  0.5532  -7.3255   0.0000   0.2746
  17.000   1.8573   0.05186   0.04665  -0.1030  0.0070  0.5573  -7.5390   0.0000   0.2726
  17.500   1.8595   0.05723   0.05210  -0.1019  0.0068  0.5605  -7.7455   0.0000   0.2707
  18.000   1.8603   0.06280   0.05774  -0.1010  0.0068  0.5627  -7.9479   0.0000   0.2690
  18.500   1.8627   0.06824   0.06326  -0.1002  0.0067  0.5660  -8.1584   0.0000   0.2673
  19.000   1.8608   0.07425   0.06935  -0.0997  0.0067  0.5704  -8.3498   0.0000   0.2658
  19.500   1.8612   0.08003   0.07520  -0.0993  0.0067  0.5736  -8.5519   0.0000   0.2643
  20.000   1.8613   0.08586   0.08110  -0.0991  0.0067  0.5757  -8.7524   0.0000   0.2629
  20.500   1.8587   0.09209   0.08741  -0.0991  0.0066  0.5781  -8.9397   0.0000   0.2617
  21.000   1.8565   0.09829   0.09369  -0.0994  0.0066  0.5831  -9.1279   0.0000   0.2606
  21.500   1.8555   0.10440   0.09988  -0.1000  0.0065  0.5867  -9.3210   0.0000   0.2596
  22.000   1.8546   0.11045   0.10601  -0.1007  0.0064  0.5890  -9.5135   0.0000   0.2587
  22.500   1.8544   0.11647   0.11209  -0.1017  0.0063  0.5911  -9.7087   0.0000   0.2578
  23.000   1.8558   0.12230   0.11799  -0.1030  0.0062  0.5959  -9.9104   0.0000   0.2571
  23.500   1.8578   0.12799   0.12374  -0.1045  0.0061  0.5998  -10.1146   0.0000   0.2564
  24.000   1.8574   0.13409   0.12991  -0.1064  0.0060  0.6024  -10.3025   0.0000   0.2560
  24.500   1.8571   0.14020   0.13609  -0.1087  0.0058  0.6054  -10.4881   0.0000   0.2557
  25.000   1.8567   0.14629   0.14225  -0.1113  0.0057  0.6101  -10.6700   0.0000   0.2555
  25.500   1.8567   0.15234   0.14837  -0.1142  0.0055  0.6138  -10.8515   0.0000   0.2555
  26.000   1.8576   0.15828   0.15438  -0.1173  0.0054  0.6161  -11.0343   0.0000   0.2556
  26.500   1.8605   0.16388   0.16004  -0.1205  0.0052  0.6194  -11.2281   0.0000   0.2556
  27.000   1.8621   0.16964   0.16587  -0.1241  0.0051  0.6237  -11.4095   0.0000   0.2557
  27.500   1.8610   0.17580   0.17211  -0.1282  0.0050  0.6272  -11.5691   0.0000   0.2563
  28.000   1.8596   0.18204   0.17842  -0.1327  0.0049  0.6295  -11.7210   0.0000   0.2570
  28.500   1.8577   0.18835   0.18481  -0.1375  0.0048  0.6332  -11.8639   0.0000   0.2578
  29.000   1.8559   0.19464   0.19118  -0.1426  0.0048  0.6374  -12.0041   0.0000   0.2588
  29.500   1.8541   0.20088   0.19751  -0.1479  0.0047  0.6404  -12.1419   0.0000   0.2598
  30.000   1.8517   0.20717   0.20388  -0.1535  0.0047  0.6424  -12.2690   0.0000   0.2610


