QBlade v0.963 64bit

 Calculated polar for: DU25

 1 1 Reynolds number fixed          Mach number fixed         

 xtrf =   1.000 (top)        1.000 (bottom)
 Mach =   0.000     Re =    10.323 e 6     Ncrit =   7.000

  alpha     CL        CD       CDp       Cm    Top Xtr Bot Xtr   Cpmin    Chinge    XCp    
 ------- -------- --------- --------- -------- ------- ------- -------- --------- ---------
  -5.000  -0.1950   0.00595   0.00199  -0.1133  0.4651  0.3232  -1.3083   0.0000  -0.3681
  -4.500  -0.1286   0.00584   0.00188  -0.1158  0.4563  0.3351  -1.2438   0.0000  -0.6992
  -4.000  -0.0626   0.00575   0.00179  -0.1181  0.4517  0.3442  -1.1814   0.0000  -1.7189
  -3.500   0.0025   0.00572   0.00174  -0.1202  0.4439  0.3498  -1.1228   0.0000  50.9806
  -3.000   0.0681   0.00565   0.00168  -0.1223  0.4405  0.3584  -1.0660   0.0000   2.0969
  -2.500   0.1328   0.00564   0.00166  -0.1243  0.4347  0.3632  -1.0131   0.0000   1.2041
  -2.000   0.1981   0.00559   0.00162  -0.1263  0.4292  0.3725  -0.9614   0.0000   0.8956
  -1.500   0.2626   0.00559   0.00161  -0.1282  0.4255  0.3768  -0.9942   0.0000   0.7405
  -1.000   0.3275   0.00558   0.00160  -0.1301  0.4186  0.3863  -1.0403   0.0000   0.6466
  -0.500   0.3918   0.00558   0.00160  -0.1318  0.4154  0.3911  -1.0865   0.0000   0.5836
   0.000   0.4565   0.00556   0.00159  -0.1337  0.4123  0.4001  -1.1331   0.0000   0.5384
   0.500   0.5204   0.00559   0.00162  -0.1353  0.4070  0.4066  -1.1795   0.0000   0.5043
   1.000   0.5846   0.00560   0.00164  -0.1370  0.4026  0.4142  -1.2275   0.0000   0.4777
   1.500   0.6483   0.00564   0.00168  -0.1386  0.3987  0.4193  -1.2758   0.0000   0.4562
   2.000   0.7119   0.00568   0.00172  -0.1402  0.3923  0.4277  -1.3241   0.0000   0.4385
   2.500   0.7754   0.00572   0.00177  -0.1417  0.3887  0.4345  -1.3744   0.0000   0.4236
   3.000   0.8385   0.00579   0.00184  -0.1431  0.3818  0.4415  -1.4264   0.0000   0.4109
   3.500   0.9011   0.00588   0.00192  -0.1444  0.3737  0.4473  -1.4783   0.0000   0.3999
   4.000   0.9625   0.00608   0.00206  -0.1456  0.3555  0.4541  -1.5313   0.0000   0.3902
   4.500   1.0203   0.00659   0.00237  -0.1461  0.3131  0.4567  -1.5820   0.0000   0.3816
   5.000   1.0701   0.00778   0.00308  -0.1454  0.2164  0.4637  -1.6324   0.0000   0.3737
   5.500   1.1210   0.00876   0.00373  -0.1448  0.1480  0.4686  -1.6817   0.0000   0.3663
   6.000   1.1731   0.00956   0.00429  -0.1444  0.1028  0.4727  -1.8109   0.0000   0.3596
   6.500   1.2273   0.01012   0.00473  -0.1443  0.0798  0.4785  -2.0350   0.0000   0.3534
   7.000   1.2806   0.01067   0.00519  -0.1440  0.0618  0.4820  -2.2695   0.0000   0.3476
   7.500   1.3325   0.01127   0.00569  -0.1434  0.0463  0.4853  -2.5202   0.0000   0.3422
   8.000   1.3839   0.01182   0.00618  -0.1428  0.0366  0.4911  -2.7894   0.0000   0.3370
   8.500   1.4340   0.01238   0.00670  -0.1419  0.0294  0.4947  -3.0717   0.0000   0.3321
   9.000   1.4821   0.01297   0.00724  -0.1407  0.0244  0.4968  -3.3585   0.0000   0.3274
   9.500   1.5285   0.01357   0.00783  -0.1392  0.0208  0.5039  -3.6497   0.0000   0.3228
  10.000   1.5694   0.01422   0.00847  -0.1368  0.0179  0.5081  -3.9347   0.0000   0.3182
  10.500   1.5967   0.01501   0.00926  -0.1319  0.0160  0.5098  -4.1879   0.0000   0.3128
  11.000   1.6306   0.01595   0.01020  -0.1287  0.0145  0.5150  -4.4661   0.0000   0.3083
  11.500   1.6614   0.01714   0.01141  -0.1254  0.0131  0.5196  -4.7411   0.0000   0.3041
  12.000   1.6910   0.01857   0.01286  -0.1225  0.0118  0.5225  -5.0175   0.0000   0.3001
  12.500   1.7197   0.02025   0.01455  -0.1198  0.0112  0.5258  -5.2970   0.0000   0.2965
  13.000   1.7449   0.02234   0.01668  -0.1173  0.0104  0.5311  -5.5688   0.0000   0.2930
  13.500   1.7677   0.02480   0.01917  -0.1149  0.0094  0.5348  -5.8365   0.0000   0.2899
  14.000   1.7895   0.02751   0.02191  -0.1129  0.0091  0.5366  -6.1051   0.0000   0.2869
  14.500   1.8077   0.03064   0.02510  -0.1109  0.0089  0.5418  -6.3643   0.0000   0.2841
  15.000   1.8223   0.03420   0.02871  -0.1090  0.0086  0.5456  -6.6132   0.0000   0.2815
  15.500   1.8329   0.03824   0.03282  -0.1072  0.0083  0.5485  -6.8492   0.0000   0.2791
  16.000   1.8396   0.04281   0.03744  -0.1055  0.0080  0.5501  -7.0713   0.0000   0.2768
  16.500   1.8446   0.04770   0.04240  -0.1041  0.0076  0.5550  -7.2877   0.0000   0.2747
  17.000   1.8477   0.05287   0.04765  -0.1028  0.0073  0.5585  -7.4968   0.0000   0.2727
  17.500   1.8502   0.05821   0.05306  -0.1017  0.0070  0.5614  -7.7039   0.0000   0.2709
  18.000   1.8509   0.06379   0.05871  -0.1008  0.0068  0.5632  -7.9041   0.0000   0.2691
  18.500   1.8509   0.06957   0.06457  -0.1001  0.0068  0.5678  -8.1024   0.0000   0.2676
  19.000   1.8516   0.07529   0.07037  -0.0996  0.0067  0.5717  -8.3046   0.0000   0.2660
  19.500   1.8522   0.08105   0.07620  -0.0993  0.0067  0.5745  -8.5065   0.0000   0.2645
  20.000   1.8493   0.08730   0.08253  -0.0992  0.0067  0.5762  -8.6915   0.0000   0.2633
  20.500   1.8481   0.09336   0.08868  -0.0992  0.0066  0.5801  -8.8845   0.0000   0.2621
  21.000   1.8473   0.09941   0.09480  -0.0996  0.0066  0.5846  -9.0786   0.0000   0.2609
  21.500   1.8470   0.10545   0.10092  -0.1001  0.0066  0.5877  -9.2738   0.0000   0.2599
  22.000   1.8463   0.11149   0.10703  -0.1009  0.0065  0.5896  -9.4664   0.0000   0.2590
  22.500   1.8462   0.11753   0.11314  -0.1020  0.0064  0.5931  -9.6605   0.0000   0.2582
  23.000   1.8464   0.12353   0.11921  -0.1034  0.0063  0.5974  -9.8548   0.0000   0.2575
  23.500   1.8480   0.12932   0.12507  -0.1050  0.0062  0.6009  -10.0552   0.0000   0.2569
  24.000   1.8516   0.13485   0.13066  -0.1067  0.0061  0.6031  -10.2653   0.0000   0.2563
  24.500   1.8517   0.14092   0.13680  -0.1091  0.0059  0.6075  -10.4523   0.0000   0.2560
  25.000   1.8514   0.14701   0.14296  -0.1117  0.0058  0.6116  -10.6340   0.0000   0.2559
  25.500   1.8513   0.15310   0.14912  -0.1146  0.0057  0.6148  -10.8138   0.0000   0.2559
  26.000   1.8514   0.15915   0.15524  -0.1179  0.0055  0.6166  -10.9917   0.0000   0.2560
  26.500   1.8520   0.16516   0.16132  -0.1214  0.0054  0.6212  -11.1678   0.0000   0.2563
  27.000   1.8525   0.17109   0.16732  -0.1251  0.0052  0.6250  -11.3412   0.0000   0.2566
  27.500   1.8553   0.17665   0.17295  -0.1289  0.0051  0.6282  -11.5264   0.0000   0.2568
  28.000   1.8542   0.18284   0.17921  -0.1333  0.0050  0.6301  -11.6796   0.0000   0.2575
  28.500   1.8524   0.18916   0.18561  -0.1382  0.0049  0.6351  -11.8223   0.0000   0.2583
  29.000   1.8500   0.19555   0.19209  -0.1434  0.0048  0.6387  -11.9547   0.0000   0.2594
  29.500   1.8470   0.20201   0.19864  -0.1489  0.0048  0.6413  -12.0767   0.0000   0.2606
  30.000   1.8444   0.20834   0.20504  -0.1546  0.0047  0.6430  -12.2003   0.0000   0.2619


