QBlade v0.963 64bit

 Calculated polar for: DU30

 1 1 Reynolds number fixed          Mach number fixed         

 xtrf =   1.000 (top)        1.000 (bottom)
 Mach =   0.000     Re =     9.496 e 6     Ncrit =   7.000

  alpha     CL        CD       CDp       Cm    Top Xtr Bot Xtr   Cpmin    Chinge    XCp    
 ------- -------- --------- --------- -------- ------- ------- -------- --------- ---------
  -5.000  -0.3491   0.00672   0.00251  -0.0872  0.4100  0.3210  -2.1838   0.0000  -0.0323
  -4.500  -0.2820   0.00670   0.00245  -0.0898  0.4007  0.3220  -2.1089   0.0000  -0.1036
  -4.000  -0.2152   0.00671   0.00241  -0.0924  0.3906  0.3227  -2.0375   0.0000  -0.2186
  -3.500  -0.1483   0.00670   0.00237  -0.0949  0.3844  0.3231  -1.9663   0.0000  -0.4373
  -3.000  -0.0818   0.00672   0.00234  -0.0973  0.3754  0.3233  -1.8972   0.0000  -1.0101
  -2.500  -0.0147   0.00672   0.00231  -0.0998  0.3670  0.3258  -1.8299   0.0000  -6.8394
  -2.000   0.0525   0.00670   0.00227  -0.1023  0.3599  0.3287  -1.7628   0.0000   2.2591
  -1.500   0.1195   0.00671   0.00226  -0.1048  0.3518  0.3311  -1.6961   0.0000   1.1427
  -1.000   0.1865   0.00670   0.00224  -0.1072  0.3476  0.3332  -1.6296   0.0000   0.8280
  -0.500   0.2528   0.00674   0.00225  -0.1094  0.3406  0.3349  -1.5640   0.0000   0.6803
   0.000   0.3190   0.00677   0.00227  -0.1116  0.3348  0.3359  -1.4989   0.0000   0.5938
   0.500   0.3848   0.00683   0.00229  -0.1137  0.3296  0.3364  -1.4344   0.0000   0.5371
   1.000   0.4505   0.00689   0.00233  -0.1157  0.3232  0.3369  -1.3706   0.0000   0.4968
   1.500   0.5167   0.00692   0.00236  -0.1178  0.3201  0.3400  -1.4198   0.0000   0.4667
   2.000   0.5823   0.00699   0.00241  -0.1198  0.3133  0.3433  -1.4845   0.0000   0.4435
   2.500   0.6482   0.00703   0.00245  -0.1218  0.3093  0.3458  -1.5505   0.0000   0.4248
   3.000   0.7136   0.00708   0.00251  -0.1237  0.3060  0.3479  -1.6167   0.0000   0.4094
   3.500   0.7780   0.00721   0.00260  -0.1254  0.2979  0.3491  -1.6825   0.0000   0.3965
   4.000   0.8427   0.00729   0.00268  -0.1270  0.2950  0.3498  -1.7492   0.0000   0.3855
   4.500   0.9068   0.00740   0.00278  -0.1286  0.2898  0.3522  -1.8159   0.0000   0.3760
   5.000   0.9710   0.00752   0.00289  -0.1302  0.2826  0.3563  -1.8866   0.0000   0.3676
   5.500   1.0349   0.00763   0.00300  -0.1318  0.2775  0.3598  -1.9592   0.0000   0.3602
   6.000   1.0978   0.00780   0.00315  -0.1331  0.2697  0.3621  -2.0313   0.0000   0.3535
   6.500   1.1603   0.00797   0.00330  -0.1343  0.2641  0.3631  -2.1043   0.0000   0.3474
   7.000   1.2215   0.00821   0.00350  -0.1353  0.2528  0.3657  -2.1873   0.0000   0.3418
   7.500   1.2789   0.00871   0.00387  -0.1357  0.2273  0.3700  -2.2722   0.0000   0.3365
   8.000   1.3302   0.00956   0.00450  -0.1351  0.1877  0.3732  -2.3670   0.0000   0.3314
   8.500   1.3799   0.01042   0.00516  -0.1342  0.1540  0.3756  -2.4643   0.0000   0.3264
   9.000   1.4267   0.01134   0.00589  -0.1329  0.1228  0.3768  -2.5788   0.0000   0.3216
   9.500   1.4769   0.01198   0.00645  -0.1320  0.1071  0.3820  -2.7695   0.0000   0.3171
  10.000   1.5246   0.01265   0.00705  -0.1308  0.0934  0.3859  -2.9860   0.0000   0.3128
  10.500   1.5657   0.01349   0.00780  -0.1284  0.0781  0.3884  -3.1941   0.0000   0.3083
  11.000   1.5881   0.01441   0.00866  -0.1228  0.0661  0.3896  -3.3680   0.0000   0.3027
  11.500   1.6209   0.01544   0.00966  -0.1194  0.0577  0.3923  -3.5711   0.0000   0.2982
  12.000   1.6500   0.01675   0.01095  -0.1160  0.0493  0.3975  -3.7751   0.0000   0.2940
  12.500   1.6751   0.01843   0.01261  -0.1126  0.0413  0.4012  -3.9732   0.0000   0.2900
  13.000   1.7003   0.02032   0.01449  -0.1097  0.0359  0.4030  -4.1743   0.0000   0.2863
  13.500   1.7250   0.02247   0.01666  -0.1073  0.0324  0.4068  -4.3773   0.0000   0.2830
  14.000   1.7483   0.02492   0.01914  -0.1052  0.0295  0.4115  -4.5870   0.0000   0.2800
  14.500   1.7649   0.02805   0.02231  -0.1031  0.0261  0.4146  -4.7831   0.0000   0.2772
  15.000   1.7799   0.03152   0.02581  -0.1014  0.0242  0.4163  -4.9770   0.0000   0.2746
  15.500   1.7889   0.03567   0.03002  -0.0998  0.0219  0.4193  -5.1546   0.0000   0.2723
  16.000   1.7955   0.04033   0.03475  -0.0986  0.0207  0.4245  -5.3262   0.0000   0.2702
  16.500   1.7944   0.04593   0.04043  -0.0976  0.0190  0.4280  -5.4742   0.0000   0.2684
  17.000   1.7941   0.05158   0.04616  -0.0969  0.0181  0.4299  -5.6250   0.0000   0.2667
  17.500   1.7877   0.05808   0.05275  -0.0964  0.0174  0.4344  -5.7556   0.0000   0.2654
  18.000   1.7754   0.06535   0.06013  -0.0963  0.0165  0.4384  -5.8653   0.0000   0.2643
  18.500   1.7612   0.07294   0.06782  -0.0964  0.0154  0.4413  -5.9665   0.0000   0.2634
  19.000   1.7481   0.08054   0.07552  -0.0968  0.0148  0.4431  -6.0700   0.0000   0.2627
  19.500   1.7340   0.08838   0.08348  -0.0976  0.0146  0.4485  -6.1675   0.0000   0.2622
  20.000   1.7194   0.09639   0.09159  -0.0987  0.0141  0.4535  -6.2602   0.0000   0.2619
  20.500   1.7066   0.10423   0.09952  -0.1000  0.0134  0.4564  -6.3571   0.0000   0.2618
  21.000   1.6928   0.11229   0.10768  -0.1019  0.0127  0.4619  -6.4460   0.0000   0.2619
  21.500   1.6840   0.11983   0.11531  -0.1040  0.0119  0.4668  -6.5511   0.0000   0.2621
  22.000   1.6806   0.12663   0.12219  -0.1062  0.0117  0.4699  -6.6756   0.0000   0.2621
  22.500   1.6787   0.13332   0.12896  -0.1087  0.0114  0.4773  -6.8036   0.0000   0.2623
  23.000   1.6775   0.13991   0.13562  -0.1114  0.0111  0.4819  -6.9331   0.0000   0.2625
  23.500   1.6783   0.14619   0.14196  -0.1143  0.0107  0.4866  -7.0689   0.0000   0.2628
  24.000   1.6810   0.15221   0.14804  -0.1174  0.0102  0.4930  -7.2113   0.0000   0.2630
  24.500   1.6813   0.15861   0.15451  -0.1209  0.0096  0.4966  -7.3401   0.0000   0.2636
  25.000   1.6829   0.16484   0.16082  -0.1247  0.0092  0.5044  -7.4729   0.0000   0.2642
  25.500   1.6934   0.16964   0.16567  -0.1277  0.0091  0.5108  -7.6491   0.0000   0.2641
  26.000   1.6961   0.17560   0.17171  -0.1317  0.0090  0.5203  -7.7858   0.0000   0.2647
  26.500   1.6994   0.18148   0.17766  -0.1358  0.0089  0.5279  -7.9230   0.0000   0.2654
  27.000   1.7098   0.18617   0.18240  -0.1393  0.0087  0.5365  -8.0976   0.0000   0.2654
  27.500   1.7118   0.19221   0.18852  -0.1440  0.0085  0.5471  -8.2246   0.0000   0.2664
  28.000   1.7204   0.19710   0.19346  -0.1480  0.0083  0.5570  -8.3877   0.0000   0.2667
  28.500   1.7226   0.20299   0.19942  -0.1530  0.0080  0.5644  -8.5117   0.0000   0.2677
  29.000   1.7232   0.20909   0.20559  -0.1584  0.0078  0.5741  -8.6235   0.0000   0.2690
  29.500   1.7259   0.21476   0.21134  -0.1635  0.0075  0.5842  -8.7455   0.0000   0.2701
  30.000   1.7320   0.21983   0.21647  -0.1684  0.0071  0.5958  -8.8863   0.0000   0.2707


