QBlade v0.963 64bit

 Calculated polar for: DU35

 1 1 Reynolds number fixed          Mach number fixed         

 xtrf =   1.000 (top)        1.000 (bottom)
 Mach =   0.000     Re =     7.343 e 6     Ncrit =   7.000

  alpha     CL        CD       CDp       Cm    Top Xtr Bot Xtr   Cpmin    Chinge    XCp    
 ------- -------- --------- --------- -------- ------- ------- -------- --------- ---------
  -5.000  -0.4615   0.00829   0.00375  -0.0601  0.3637  0.3204  -2.6315   0.0000   0.0833
  -4.500  -0.3915   0.00821   0.00363  -0.0635  0.3559  0.3215  -2.5486   0.0000   0.0501
  -4.000  -0.3218   0.00816   0.00353  -0.0667  0.3482  0.3223  -2.4663   0.0000   0.0029
  -3.500  -0.2524   0.00813   0.00346  -0.0699  0.3416  0.3228  -2.3846   0.0000  -0.0698
  -3.000  -0.1831   0.00810   0.00340  -0.0729  0.3350  0.3231  -2.3067   0.0000  -0.1971
  -2.500  -0.1139   0.00810   0.00335  -0.0759  0.3292  0.3233  -2.2320   0.0000  -0.4782
  -2.000  -0.0440   0.00806   0.00328  -0.0791  0.3230  0.3253  -2.1580   0.0000  -1.6666
  -1.500   0.0263   0.00800   0.00322  -0.0823  0.3203  0.3279  -2.0840   0.0000   3.5074
  -1.000   0.0962   0.00798   0.00318  -0.0854  0.3158  0.3303  -2.0105   0.0000   1.1536
  -0.500   0.1658   0.00797   0.00316  -0.0884  0.3099  0.3325  -1.9375   0.0000   0.7813
   0.000   0.2352   0.00795   0.00314  -0.0912  0.3076  0.3343  -1.8650   0.0000   0.6290
   0.500   0.3037   0.00800   0.00316  -0.0939  0.3028  0.3354  -1.7936   0.0000   0.5464
   1.000   0.3717   0.00806   0.00319  -0.0964  0.2976  0.3361  -1.7230   0.0000   0.4941
   1.500   0.4399   0.00809   0.00322  -0.0989  0.2956  0.3365  -1.6526   0.0000   0.4578
   2.000   0.5080   0.00813   0.00325  -0.1014  0.2928  0.3377  -1.7045   0.0000   0.4311
   2.500   0.5760   0.00819   0.00330  -0.1039  0.2889  0.3409  -1.7769   0.0000   0.4108
   3.000   0.6438   0.00826   0.00336  -0.1063  0.2833  0.3439  -1.8525   0.0000   0.3947
   3.500   0.7119   0.00829   0.00341  -0.1087  0.2822  0.3462  -1.9293   0.0000   0.3815
   4.000   0.7791   0.00836   0.00348  -0.1110  0.2800  0.3480  -2.0059   0.0000   0.3705
   4.500   0.8452   0.00848   0.00358  -0.1129  0.2766  0.3492  -2.0822   0.0000   0.3610
   5.000   0.9103   0.00863   0.00371  -0.1147  0.2706  0.3498  -2.1612   0.0000   0.3528
   5.500   0.9765   0.00872   0.00381  -0.1167  0.2688  0.3526  -2.2447   0.0000   0.3456
   6.000   1.0422   0.00883   0.00393  -0.1186  0.2648  0.3570  -2.3312   0.0000   0.3393
   6.500   1.1062   0.00902   0.00410  -0.1202  0.2592  0.3600  -2.4203   0.0000   0.3335
   7.000   1.1704   0.00916   0.00425  -0.1217  0.2562  0.3619  -2.5103   0.0000   0.3283
   7.500   1.2338   0.00931   0.00440  -0.1230  0.2537  0.3629  -2.6023   0.0000   0.3234
   8.000   1.2941   0.00960   0.00465  -0.1239  0.2461  0.3643  -2.6967   0.0000   0.3188
   8.500   1.3559   0.00980   0.00486  -0.1250  0.2416  0.3687  -2.8010   0.0000   0.3146
   9.000   1.4132   0.01018   0.00520  -0.1254  0.2316  0.3721  -2.9051   0.0000   0.3105
   9.500   1.4700   0.01052   0.00552  -0.1256  0.2242  0.3748  -3.0098   0.0000   0.3065
  10.000   1.5233   0.01093   0.00590  -0.1253  0.2159  0.3764  -3.1115   0.0000   0.3026
  10.500   1.5719   0.01144   0.00637  -0.1242  0.2070  0.3800  -3.2134   0.0000   0.2986
  11.000   1.6085   0.01187   0.00681  -0.1209  0.2011  0.3840  -3.3055   0.0000   0.2939
  11.500   1.6486   0.01266   0.00757  -0.1187  0.1913  0.3871  -3.4086   0.0000   0.2899
  12.000   1.6864   0.01360   0.00847  -0.1164  0.1821  0.3890  -3.5105   0.0000   0.2860
  12.500   1.7244   0.01460   0.00946  -0.1144  0.1753  0.3905  -3.6186   0.0000   0.2824
  13.000   1.7596   0.01585   0.01070  -0.1124  0.1669  0.3961  -3.7265   0.0000   0.2791
  13.500   1.7891   0.01751   0.01235  -0.1101  0.1572  0.3997  -3.8266   0.0000   0.2757
  14.000   1.8132   0.01963   0.01443  -0.1077  0.1471  0.4020  -3.9188   0.0000   0.2725
  14.500   1.8369   0.02193   0.01672  -0.1057  0.1395  0.4033  -4.0102   0.0000   0.2696
  15.000   1.8612   0.02437   0.01919  -0.1041  0.1341  0.4081  -4.1101   0.0000   0.2669
  15.500   1.8808   0.02724   0.02208  -0.1024  0.1280  0.4120  -4.2038   0.0000   0.2643
  16.000   1.8906   0.03098   0.02584  -0.1006  0.1211  0.4147  -4.2806   0.0000   0.2618
  16.500   1.9072   0.03439   0.02930  -0.0994  0.1178  0.4163  -4.3738   0.0000   0.2595
  17.000   1.9081   0.03924   0.03418  -0.0980  0.1117  0.4186  -4.4517   0.0000   0.2573
  17.500   1.9074   0.04446   0.03946  -0.0969  0.1068  0.4233  -4.5268   0.0000   0.2554
  18.000   1.8956   0.05086   0.04592  -0.0960  0.1006  0.4267  -4.5821   0.0000   0.2537
  18.500   1.8746   0.05831   0.05343  -0.0953  0.0945  0.4289  -4.6170   0.0000   0.2523
  19.000   1.8499   0.06638   0.06159  -0.0950  0.0901  0.4301  -4.6417   0.0000   0.2512
  19.500   1.8247   0.07474   0.07005  -0.0952  0.0857  0.4341  -4.6620   0.0000   0.2504
  20.000   1.7956   0.08369   0.07910  -0.0959  0.0821  0.4374  -4.6706   0.0000   0.2499
  20.500   1.7687   0.09259   0.08811  -0.0970  0.0788  0.4403  -4.6806   0.0000   0.2497
  21.000   1.7448   0.10135   0.09697  -0.0985  0.0765  0.4426  -4.6933   0.0000   0.2497
  21.500   1.7112   0.11134   0.10705  -0.1009  0.0725  0.4451  -4.6796   0.0000   0.2504
  22.000   1.7004   0.11883   0.11463  -0.1031  0.0703  0.4508  -4.7344   0.0000   0.2506
  22.500   1.6772   0.12787   0.12376  -0.1063  0.0675  0.4540  -4.7596   0.0000   0.2516
  23.000   1.6683   0.13522   0.13118  -0.1094  0.0647  0.4563  -4.8199   0.0000   0.2522
  23.500   1.6651   0.14189   0.13792  -0.1125  0.0626  0.4617  -4.8936   0.0000   0.2527
  24.000   1.6544   0.14955   0.14563  -0.1164  0.0585  0.4668  -4.9433   0.0000   0.2538
  24.500   1.6609   0.15492   0.15104  -0.1194  0.0564  0.4714  -5.0417   0.0000   0.2539
  25.000   1.6547   0.16208   0.15825  -0.1237  0.0532  0.4781  -5.0999   0.0000   0.2552
  25.500   1.6561   0.16812   0.16435  -0.1276  0.0513  0.4822  -5.1798   0.0000   0.2559
  26.000   1.6632   0.17330   0.16955  -0.1311  0.0486  0.4875  -5.2768   0.0000   0.2562
  26.500   1.6617   0.17974   0.17605  -0.1357  0.0458  0.4931  -5.3439   0.0000   0.2574
  27.000   1.6700   0.18471   0.18103  -0.1394  0.0433  0.4977  -5.4426   0.0000   0.2577
  27.500   1.6694   0.19101   0.18739  -0.1443  0.0405  0.5062  -5.5090   0.0000   0.2590
  28.000   1.6712   0.19689   0.19332  -0.1491  0.0387  0.5124  -5.5850   0.0000   0.2601
  28.500   1.6785   0.20191   0.19836  -0.1534  0.0359  0.5206  -5.6831   0.0000   0.2606
  29.000   1.6822   0.20739   0.20391  -0.1582  0.0349  0.5285  -5.7670   0.0000   0.2616
  29.500   1.6923   0.21181   0.20836  -0.1623  0.0333  0.5364  -5.8750   0.0000   0.2618
  30.000   1.6910   0.21800   0.21460  -0.1680  0.0311  0.5450  -5.9362   0.0000   0.2635


