QBlade v0.963 64bit

 Calculated polar for: DU35

 1 1 Reynolds number fixed          Mach number fixed         

 xtrf =   1.000 (top)        1.000 (bottom)
 Mach =   0.000     Re =     8.480 e 6     Ncrit =   7.000

  alpha     CL        CD       CDp       Cm    Top Xtr Bot Xtr   Cpmin    Chinge    XCp    
 ------- -------- --------- --------- -------- ------- ------- -------- --------- ---------
  -5.000  -0.4568   0.00804   0.00357  -0.0614  0.3590  0.3187  -2.6288   0.0000   0.0790
  -4.500  -0.3867   0.00796   0.00346  -0.0648  0.3494  0.3202  -2.5458   0.0000   0.0444
  -4.000  -0.3167   0.00790   0.00336  -0.0681  0.3438  0.3215  -2.4632   0.0000  -0.0052
  -3.500  -0.2471   0.00787   0.00329  -0.0712  0.3360  0.3223  -2.3814   0.0000  -0.0819
  -3.000  -0.1777   0.00784   0.00324  -0.0743  0.3309  0.3228  -2.3033   0.0000  -0.2179
  -2.500  -0.1087   0.00785   0.00320  -0.0772  0.3234  0.3231  -2.2291   0.0000  -0.5250
  -2.000  -0.0393   0.00783   0.00316  -0.0802  0.3212  0.3233  -2.1550   0.0000  -1.9200
  -1.500   0.0303   0.00781   0.00312  -0.0832  0.3169  0.3249  -2.0814   0.0000   3.1067
  -1.000   0.0999   0.00780   0.00309  -0.0862  0.3107  0.3276  -2.0082   0.0000   1.1280
  -0.500   0.1700   0.00776   0.00305  -0.0893  0.3084  0.3302  -1.9350   0.0000   0.7733
   0.000   0.2395   0.00776   0.00304  -0.0922  0.3040  0.3326  -1.8624   0.0000   0.6261
   0.500   0.3082   0.00780   0.00305  -0.0949  0.2981  0.3343  -1.7909   0.0000   0.5452
   1.000   0.3769   0.00782   0.00307  -0.0976  0.2959  0.3354  -1.7197   0.0000   0.4936
   1.500   0.4451   0.00786   0.00309  -0.1001  0.2934  0.3361  -1.6494   0.0000   0.4577
   2.000   0.5126   0.00793   0.00314  -0.1024  0.2895  0.3365  -1.7082   0.0000   0.4314
   2.500   0.5800   0.00802   0.00320  -0.1047  0.2840  0.3377  -1.7801   0.0000   0.4111
   3.000   0.6484   0.00805   0.00324  -0.1072  0.2824  0.3410  -1.8564   0.0000   0.3950
   3.500   0.7165   0.00808   0.00329  -0.1096  0.2803  0.3440  -1.9332   0.0000   0.3819
   4.000   0.7837   0.00816   0.00337  -0.1119  0.2771  0.3464  -2.0099   0.0000   0.3709
   4.500   0.8498   0.00829   0.00348  -0.1139  0.2716  0.3482  -2.0861   0.0000   0.3615
   5.000   0.9161   0.00838   0.00357  -0.1159  0.2692  0.3493  -2.1664   0.0000   0.3533
   5.500   0.9816   0.00850   0.00368  -0.1177  0.2661  0.3499  -2.2493   0.0000   0.3460
   6.000   1.0460   0.00868   0.00384  -0.1193  0.2599  0.3534  -2.3347   0.0000   0.3396
   6.500   1.1116   0.00879   0.00396  -0.1211  0.2563  0.3576  -2.4253   0.0000   0.3339
   7.000   1.1766   0.00890   0.00409  -0.1228  0.2546  0.3604  -2.5162   0.0000   0.3288
   7.500   1.2386   0.00914   0.00430  -0.1240  0.2482  0.3621  -2.6069   0.0000   0.3238
   8.000   1.3004   0.00936   0.00450  -0.1250  0.2423  0.3630  -2.7029   0.0000   0.3193
   8.500   1.3601   0.00966   0.00477  -0.1258  0.2354  0.3650  -2.8054   0.0000   0.3149
   9.000   1.4188   0.00997   0.00506  -0.1264  0.2265  0.3694  -2.9112   0.0000   0.3109
   9.500   1.4744   0.01038   0.00543  -0.1265  0.2165  0.3727  -3.0145   0.0000   0.3069
  10.000   1.5279   0.01081   0.00583  -0.1262  0.2087  0.3754  -3.1164   0.0000   0.3029
  10.500   1.5802   0.01121   0.00620  -0.1256  0.2020  0.3766  -3.2231   0.0000   0.2991
  11.000   1.6132   0.01177   0.00673  -0.1218  0.1925  0.3806  -3.3109   0.0000   0.2942
  11.500   1.6520   0.01256   0.00750  -0.1193  0.1825  0.3847  -3.4127   0.0000   0.2901
  12.000   1.6943   0.01332   0.00825  -0.1176  0.1765  0.3877  -3.5205   0.0000   0.2865
  12.500   1.7317   0.01432   0.00923  -0.1154  0.1684  0.3893  -3.6286   0.0000   0.2828
  13.000   1.7639   0.01566   0.01053  -0.1130  0.1590  0.3917  -3.7325   0.0000   0.2793
  13.500   1.7912   0.01742   0.01227  -0.1104  0.1481  0.3968  -3.8295   0.0000   0.2759
  14.000   1.8177   0.01940   0.01423  -0.1082  0.1395  0.4002  -3.9252   0.0000   0.2727
  14.500   1.8455   0.02144   0.01627  -0.1065  0.1341  0.4023  -4.0230   0.0000   0.2698
  15.000   1.8699   0.02382   0.01867  -0.1047  0.1281  0.4038  -4.1238   0.0000   0.2671
  15.500   1.8854   0.02694   0.02179  -0.1028  0.1208  0.4086  -4.2109   0.0000   0.2644
  16.000   1.9063   0.02986   0.02476  -0.1015  0.1174  0.4126  -4.3066   0.0000   0.2620
  16.500   1.9145   0.03388   0.02881  -0.0999  0.1116  0.4150  -4.3868   0.0000   0.2596
  17.000   1.9176   0.03850   0.03347  -0.0985  0.1061  0.4163  -4.4692   0.0000   0.2574
  17.500   1.9117   0.04415   0.03916  -0.0972  0.0997  0.4185  -4.5349   0.0000   0.2555
  18.000   1.9000   0.05051   0.04558  -0.0962  0.0938  0.4230  -4.5907   0.0000   0.2538
  18.500   1.8772   0.05816   0.05329  -0.0955  0.0881  0.4261  -4.6220   0.0000   0.2524
  19.000   1.8614   0.06535   0.06057  -0.0953  0.0843  0.4286  -4.6651   0.0000   0.2512
  19.500   1.8301   0.07430   0.06961  -0.0954  0.0803  0.4297  -4.6730   0.0000   0.2504
  20.000   1.8121   0.08202   0.07744  -0.0959  0.0781  0.4331  -4.7063   0.0000   0.2496
  20.500   1.7830   0.09114   0.08667  -0.0970  0.0752  0.4367  -4.7121   0.0000   0.2494
  21.000   1.7524   0.10062   0.09625  -0.0986  0.0717  0.4397  -4.7102   0.0000   0.2495
  21.500   1.7352   0.10863   0.10436  -0.1003  0.0696  0.4424  -4.7356   0.0000   0.2495
  22.000   1.7085   0.11796   0.11378  -0.1030  0.0666  0.4450  -4.7551   0.0000   0.2503
  22.500   1.6999   0.12517   0.12107  -0.1054  0.0645  0.4508  -4.8202   0.0000   0.2505
  23.000   1.6909   0.13248   0.12845  -0.1083  0.0622  0.4545  -4.8819   0.0000   0.2510
  23.500   1.6777   0.14037   0.13639  -0.1119  0.0583  0.4565  -4.9290   0.0000   0.2519
  24.000   1.6742   0.14704   0.14313  -0.1152  0.0563  0.4626  -5.0009   0.0000   0.2525
  24.500   1.6661   0.15439   0.15052  -0.1192  0.0530  0.4678  -5.0568   0.0000   0.2537
  25.000   1.6665   0.16060   0.15679  -0.1229  0.0513  0.4724  -5.1361   0.0000   0.2543
  25.500   1.6719   0.16610   0.16233  -0.1264  0.0485  0.4793  -5.2291   0.0000   0.2547
  26.000   1.6706   0.17244   0.16871  -0.1306  0.0457  0.4827  -5.3000   0.0000   0.2556
  26.500   1.6669   0.17916   0.17548  -0.1353  0.0432  0.4878  -5.3607   0.0000   0.2570
  27.000   1.6765   0.18395   0.18029  -0.1389  0.0404  0.4939  -5.4641   0.0000   0.2572
  27.500   1.6762   0.19016   0.18655  -0.1437  0.0384  0.4989  -5.5325   0.0000   0.2584
  28.000   1.6771   0.19619   0.19262  -0.1486  0.0357  0.5074  -5.6073   0.0000   0.2595
  28.500   1.6883   0.20061   0.19709  -0.1524  0.0347  0.5149  -5.7208   0.0000   0.2596
  29.000   1.6892   0.20649   0.20302  -0.1575  0.0331  0.5218  -5.7952   0.0000   0.2609
  29.500   1.6974   0.21123   0.20779  -0.1618  0.0309  0.5313  -5.8956   0.0000   0.2613
  30.000   1.7014   0.21654   0.21317  -0.1667  0.0302  0.5377  -5.9794   0.0000   0.2623


