QBlade v0.963 64bit

 Calculated polar for: DU40

 1 1 Reynolds number fixed          Mach number fixed         

 xtrf =   1.000 (top)        1.000 (bottom)
 Mach =   0.000     Re =     5.821 e 6     Ncrit =   7.000

  alpha     CL        CD       CDp       Cm    Top Xtr Bot Xtr   Cpmin    Chinge    XCp    
 ------- -------- --------- --------- -------- ------- ------- -------- --------- ---------
  -5.000  -0.4747   0.01362   0.00907  -0.0361  0.3839  0.3233  -2.6259   0.0000   0.1241
  -4.500  -0.4182   0.01274   0.00814  -0.0394  0.3750  0.3257  -2.5644   0.0000   0.1057
  -4.000  -0.3556   0.01194   0.00730  -0.0436  0.3668  0.3290  -2.4969   0.0000   0.0763
  -3.500  -0.2874   0.01130   0.00664  -0.0483  0.3599  0.3316  -2.4235   0.0000   0.0283
  -3.000  -0.2170   0.01086   0.00615  -0.0529  0.3506  0.3336  -2.3505   0.0000  -0.0528
  -2.500  -0.1441   0.01050   0.00577  -0.0577  0.3461  0.3352  -2.2752   0.0000  -0.2202
  -2.000  -0.0716   0.01028   0.00549  -0.0621  0.3389  0.3361  -2.1999   0.0000  -0.7225
  -1.500   0.0022   0.01007   0.00525  -0.0667  0.3344  0.3366  -2.1238   0.0000  32.6068
  -1.000   0.0788   0.00983   0.00497  -0.0719  0.3276  0.3394  -2.0466   0.0000   1.1918
  -0.500   0.1569   0.00961   0.00473  -0.0774  0.3215  0.3428  -1.9706   0.0000   0.7409
   0.000   0.2321   0.00950   0.00460  -0.0820  0.3167  0.3454  -1.8975   0.0000   0.5905
   0.500   0.3041   0.00949   0.00456  -0.0857  0.3105  0.3476  -1.8268   0.0000   0.5140
   1.000   0.3758   0.00947   0.00453  -0.0893  0.3082  0.3492  -1.8329   0.0000   0.4663
   1.500   0.4459   0.00951   0.00455  -0.0925  0.3043  0.3502  -1.9125   0.0000   0.4338
   2.000   0.5161   0.00957   0.00458  -0.0958  0.2974  0.3544  -1.9926   0.0000   0.4103
   2.500   0.5873   0.00957   0.00459  -0.0993  0.2948  0.3579  -2.0745   0.0000   0.3923
   3.000   0.6565   0.00964   0.00465  -0.1022  0.2916  0.3606  -2.1552   0.0000   0.3779
   3.500   0.7230   0.00978   0.00477  -0.1047  0.2871  0.3623  -2.2343   0.0000   0.3659
   4.000   0.7890   0.00991   0.00489  -0.1070  0.2828  0.3632  -2.3135   0.0000   0.3557
   4.500   0.8559   0.01001   0.00499  -0.1095  0.2802  0.3669  -2.3999   0.0000   0.3472
   5.000   0.9210   0.01016   0.00514  -0.1117  0.2763  0.3712  -2.4858   0.0000   0.3398
   5.500   0.9828   0.01038   0.00534  -0.1133  0.2709  0.3743  -2.5692   0.0000   0.3330
   6.000   1.0448   0.01054   0.00552  -0.1148  0.2692  0.3760  -2.6534   0.0000   0.3268
   6.500   1.0993   0.01072   0.00571  -0.1150  0.2673  0.3777  -2.7314   0.0000   0.3207
   7.000   1.1459   0.01101   0.00601  -0.1141  0.2634  0.3822  -2.8116   0.0000   0.3146
   7.500   1.1995   0.01151   0.00649  -0.1145  0.2570  0.3858  -2.8987   0.0000   0.3097
   8.000   1.2555   0.01192   0.00692  -0.1153  0.2545  0.3884  -2.9889   0.0000   0.3052
   8.500   1.3056   0.01256   0.00754  -0.1154  0.2499  0.3899  -3.0731   0.0000   0.3009
   9.000   1.3542   0.01332   0.00831  -0.1155  0.2441  0.3954  -3.1559   0.0000   0.2969
   9.500   1.4066   0.01397   0.00899  -0.1162  0.2421  0.3997  -3.2430   0.0000   0.2934
  10.000   1.4552   0.01482   0.00986  -0.1164  0.2392  0.4022  -3.3262   0.0000   0.2899
  10.500   1.4970   0.01603   0.01107  -0.1161  0.2345  0.4047  -3.4016   0.0000   0.2865
  11.000   1.5410   0.01726   0.01233  -0.1163  0.2300  0.4105  -3.4897   0.0000   0.2834
  11.500   1.5832   0.01861   0.01370  -0.1164  0.2265  0.4141  -3.5801   0.0000   0.2805
  12.000   1.6135   0.02068   0.01577  -0.1155  0.2200  0.4161  -3.6553   0.0000   0.2774
  12.500   1.6503   0.02244   0.01756  -0.1154  0.2164  0.4199  -3.7389   0.0000   0.2746
  13.000   1.6813   0.02465   0.01980  -0.1150  0.2124  0.4246  -3.8145   0.0000   0.2720
  13.500   1.7035   0.02747   0.02264  -0.1141  0.2068  0.4279  -3.8780   0.0000   0.2693
  14.000   1.7331   0.02990   0.02511  -0.1138  0.2044  0.4302  -3.9511   0.0000   0.2668
  14.500   1.7545   0.03298   0.02824  -0.1133  0.2000  0.4366  -4.0122   0.0000   0.2644
  15.000   1.7648   0.03697   0.03225  -0.1124  0.1935  0.4407  -4.0600   0.0000   0.2621
  15.500   1.7787   0.04074   0.03607  -0.1117  0.1897  0.4430  -4.1164   0.0000   0.2598
  16.000   1.7804   0.04557   0.04093  -0.1108  0.1840  0.4472  -4.1534   0.0000   0.2577
  16.500   1.7946   0.04950   0.04493  -0.1105  0.1810  0.4519  -4.2081   0.0000   0.2557
  17.000   1.7958   0.05454   0.05002  -0.1098  0.1765  0.4550  -4.2417   0.0000   0.2537
  17.500   1.7907   0.06018   0.05570  -0.1092  0.1709  0.4569  -4.2637   0.0000   0.2519
  18.000   1.7956   0.06510   0.06070  -0.1091  0.1680  0.4632  -4.2999   0.0000   0.2503
  18.500   1.7790   0.07206   0.06772  -0.1088  0.1627  0.4675  -4.3066   0.0000   0.2488
  19.000   1.7790   0.07751   0.07324  -0.1088  0.1593  0.4705  -4.3397   0.0000   0.2474
  19.500   1.7663   0.08437   0.08019  -0.1091  0.1557  0.4756  -4.3487   0.0000   0.2463
  20.000   1.7497   0.09162   0.08749  -0.1096  0.1504  0.4791  -4.3502   0.0000   0.2454
  20.500   1.7492   0.09736   0.09332  -0.1104  0.1483  0.4820  -4.3809   0.0000   0.2444
  21.000   1.7226   0.10584   0.10186  -0.1116  0.1433  0.4833  -4.3636   0.0000   0.2441
  21.500   1.7122   0.11279   0.10888  -0.1131  0.1388  0.4876  -4.3752   0.0000   0.2437
  22.000   1.7013   0.11982   0.11597  -0.1150  0.1350  0.4914  -4.3833   0.0000   0.2436
  22.500   1.6884   0.12714   0.12334  -0.1174  0.1301  0.4944  -4.3845   0.0000   0.2438
  23.000   1.6891   0.13299   0.12926  -0.1197  0.1280  0.4971  -4.4108   0.0000   0.2436
  23.500   1.6803   0.13993   0.13626  -0.1226  0.1242  0.5028  -4.4150   0.0000   0.2440
  24.000   1.6765   0.14633   0.14271  -0.1256  0.1205  0.5069  -4.4296   0.0000   0.2443
  24.500   1.6782   0.15206   0.14850  -0.1286  0.1184  0.5094  -4.4595   0.0000   0.2445
  25.000   1.6805   0.15770   0.15416  -0.1318  0.1143  0.5142  -4.4906   0.0000   0.2448
  25.500   1.6832   0.16327   0.15979  -0.1352  0.1113  0.5193  -4.5207   0.0000   0.2451
  26.000   1.6850   0.16891   0.16549  -0.1387  0.1089  0.5224  -4.5470   0.0000   0.2455
  26.500   1.6899   0.17414   0.17072  -0.1423  0.1041  0.5271  -4.5789   0.0000   0.2458
  27.000   1.6929   0.17962   0.17627  -0.1461  0.1017  0.5324  -4.6042   0.0000   0.2464
  27.500   1.7045   0.18390   0.18055  -0.1494  0.0987  0.5358  -4.6526   0.0000   0.2462
  28.000   1.7025   0.18993   0.18661  -0.1539  0.0948  0.5391  -4.6720   0.0000   0.2473
  28.500   1.7221   0.19308   0.18982  -0.1567  0.0938  0.5449  -4.7461   0.0000   0.2465
  29.000   1.7225   0.19864   0.19543  -0.1612  0.0911  0.5487  -4.7691   0.0000   0.2474
  29.500   1.7312   0.20305   0.19983  -0.1650  0.0870  0.5530  -4.8206   0.0000   0.2476
  30.000   1.7359   0.20799   0.20484  -0.1693  0.0853  0.5582  -4.8623   0.0000   0.2481


