QBlade v0.963 64bit

 Calculated polar for: NACA64

 1 1 Reynolds number fixed          Mach number fixed         

 xtrf =   1.000 (top)        1.000 (bottom)
 Mach =   0.000     Re =    10.874 e 6     Ncrit =   7.000

  alpha     CL        CD       CDp       Cm    Top Xtr Bot Xtr   Cpmin    Chinge    XCp    
 ------- -------- --------- --------- -------- ------- ------- -------- --------- ---------
  -5.000  -0.0903   0.00641   0.00169  -0.1100  0.5399  0.0315  -1.7396   0.0000  -1.0123
  -4.500  -0.0320   0.00624   0.00155  -0.1108  0.5368  0.0372  -1.4949   0.0000  -3.3187
  -4.000   0.0256   0.00611   0.00143  -0.1113  0.5291  0.0456  -1.2626   0.0000   4.7196
  -3.500   0.0832   0.00598   0.00133  -0.1119  0.5195  0.0564  -1.0412   0.0000   1.6252
  -3.000   0.1413   0.00580   0.00122  -0.1126  0.5146  0.0769  -0.8394   0.0000   1.0607
  -2.500   0.1995   0.00561   0.00112  -0.1133  0.5125  0.1027  -0.7890   0.0000   0.8254
  -2.000   0.2572   0.00542   0.00103  -0.1139  0.5075  0.1423  -0.8235   0.0000   0.6970
  -1.500   0.3143   0.00524   0.00097  -0.1145  0.5004  0.1923  -0.8577   0.0000   0.6160
  -1.000   0.3717   0.00499   0.00089  -0.1151  0.4923  0.2610  -0.8921   0.0000   0.5598
  -0.500   0.4289   0.00446   0.00077  -0.1160  0.4893  0.4086  -0.9265   0.0000   0.5193
   0.000   0.4871   0.00436   0.00076  -0.1166  0.4857  0.4462  -0.9616   0.0000   0.4874
   0.500   0.5441   0.00439   0.00080  -0.1170  0.4769  0.4634  -0.9970   0.0000   0.4622
   1.000   0.6017   0.00443   0.00084  -0.1175  0.4657  0.4786  -1.0326   0.0000   0.4417
   1.500   0.6599   0.00444   0.00088  -0.1181  0.4625  0.4883  -1.0689   0.0000   0.4248
   2.000   0.7156   0.00459   0.00097  -0.1182  0.4480  0.4910  -1.1038   0.0000   0.4104
   2.500   0.7714   0.00472   0.00106  -0.1184  0.4366  0.5000  -1.1388   0.0000   0.3980
   3.000   0.8214   0.00511   0.00127  -0.1174  0.3912  0.5069  -1.1781   0.0000   0.3869
   4.000   0.9069   0.00661   0.00211  -0.1130  0.2321  0.5141  -1.2225   0.0000   0.3674
   4.500   0.9529   0.00721   0.00248  -0.1114  0.1792  0.5176  -1.2582   0.0000   0.3591
   5.000   1.0021   0.00761   0.00277  -0.1105  0.1500  0.5282  -1.3666   0.0000   0.3518
   5.500   1.0486   0.00812   0.00313  -0.1090  0.1139  0.5357  -1.5430   0.0000   0.3450
   6.000   1.0945   0.00862   0.00352  -0.1075  0.0883  0.5393  -1.7390   0.0000   0.3386
   6.500   1.1399   0.00912   0.00391  -0.1059  0.0662  0.5466  -1.9408   0.0000   0.3326
   7.000   1.1834   0.00963   0.00434  -0.1039  0.0471  0.5575  -2.1600   0.0000   0.3270
   7.500   1.2221   0.01005   0.00472  -0.1010  0.0370  0.5638  -2.3937   0.0000   0.3211
   8.000   1.2633   0.01057   0.00520  -0.0987  0.0284  0.5723  -2.6468   0.0000   0.3159
   8.500   1.3054   0.01106   0.00569  -0.0968  0.0249  0.5848  -2.9115   0.0000   0.3112
   9.000   1.3464   0.01157   0.00619  -0.0946  0.0224  0.5901  -3.1864   0.0000   0.3066
   9.500   1.3837   0.01223   0.00685  -0.0921  0.0192  0.6034  -3.4662   0.0000   0.3021
  10.000   1.4186   0.01301   0.00763  -0.0894  0.0164  0.6132  -3.7521   0.0000   0.2978
  10.500   1.4534   0.01385   0.00848  -0.0868  0.0150  0.6228  -4.0648   0.0000   0.2937
  11.000   1.4873   0.01481   0.00947  -0.0844  0.0136  0.6369  -4.3834   0.0000   0.2899
  11.500   1.5199   0.01590   0.01058  -0.0819  0.0130  0.6466  -4.7060   0.0000   0.2862
  12.000   1.5506   0.01718   0.01189  -0.0795  0.0121  0.6616  -5.0297   0.0000   0.2827
  12.500   1.5795   0.01862   0.01336  -0.0771  0.0113  0.6706  -5.3542   0.0000   0.2793
  13.000   1.6086   0.02014   0.01493  -0.0749  0.0112  0.6865  -5.6876   0.0000   0.2761
  13.500   1.6353   0.02184   0.01668  -0.0726  0.0108  0.7005  -6.0190   0.0000   0.2730
  14.000   1.6598   0.02376   0.01865  -0.0703  0.0102  0.7156  -6.3474   0.0000   0.2700
  14.500   1.6811   0.02598   0.02093  -0.0680  0.0095  0.7362  -6.6670   0.0000   0.2670
  15.000   1.7008   0.02842   0.02344  -0.0657  0.0091  0.7525  -6.9860   0.0000   0.2642
  15.500   1.7176   0.03119   0.02626  -0.0635  0.0087  0.7673  -7.2957   0.0000   0.2615
  16.000   1.7342   0.03407   0.02923  -0.0616  0.0084  0.7894  -7.6094   0.0000   0.2589
  16.500   1.7517   0.03691   0.03215  -0.0598  0.0082  0.8150  -7.9323   0.0000   0.2564
  17.000   1.7661   0.04012   0.03546  -0.0580  0.0078  0.8512  -8.2439   0.0000   0.2540
  17.500   1.7752   0.04353   0.03917  -0.0560  0.0075  0.9950  -8.5324   0.0000   0.2515
  18.000   1.7856   0.04725   0.04294  -0.0544  0.0074  0.9950  -8.8304   0.0000   0.2492
  18.500   1.7989   0.05061   0.04635  -0.0530  0.0072  0.9950  -9.1484   0.0000   0.2470
  19.000   1.8041   0.05497   0.05076  -0.0517  0.0069  0.9950  -9.4237   0.0000   0.2449
  19.500   1.8074   0.05955   0.05541  -0.0505  0.0067  0.9950  -9.6900   0.0000   0.2430
  20.000   1.8178   0.06334   0.05924  -0.0495  0.0065  0.9950  -10.0015   0.0000   0.2410
  20.500   1.8189   0.06828   0.06426  -0.0487  0.0064  0.9950  -10.2785   0.0000   0.2392
  21.000   1.8208   0.07315   0.06920  -0.0481  0.0063  0.9950  -10.5732   0.0000   0.2375
  21.500   1.8260   0.07761   0.07371  -0.0476  0.0061  0.9950  -10.8917   0.0000   0.2358
  22.000   1.8230   0.08314   0.07932  -0.0475  0.0058  0.9950  -11.1564   0.0000   0.2344
  22.500   1.8287   0.08755   0.08377  -0.0473  0.0056  0.9950  -11.4811   0.0000   0.2328
  23.000   1.8268   0.09302   0.08933  -0.0476  0.0055  0.9950  -11.7538   0.0000   0.2316
  23.500   1.8268   0.09827   0.09464  -0.0481  0.0054  0.9950  -12.0392   0.0000   0.2304
  24.000   1.8240   0.10391   0.10036  -0.0490  0.0053  0.9950  -12.3033   0.0000   0.2294
  24.500   1.8179   0.10999   0.10653  -0.0503  0.0052  0.9950  -12.5395   0.0000   0.2287
  25.000   1.8138   0.11588   0.11249  -0.0519  0.0050  0.9950  -12.7865   0.0000   0.2281
  25.500   1.8055   0.12233   0.11903  -0.0541  0.0049  0.9950  -12.9951   0.0000   0.2278
  26.000   1.7969   0.12890   0.12569  -0.0568  0.0047  0.9950  -13.1939   0.0000   0.2278
  26.500   1.7884   0.13545   0.13233  -0.0600  0.0045  0.9950  -13.3867   0.0000   0.2279
  27.000   1.7816   0.14180   0.13877  -0.0634  0.0045  0.9950  -13.5876   0.0000   0.2283
  27.500   1.7722   0.14857   0.14563  -0.0675  0.0044  0.9950  -13.7567   0.0000   0.2290
  28.000   1.7612   0.15555   0.15271  -0.0721  0.0044  0.9950  -13.9015   0.0000   0.2300
  28.500   1.7490   0.16276   0.16003  -0.0772  0.0043  0.9950  -14.0226   0.0000   0.2313
  29.000   1.7352   0.17026   0.16763  -0.0830  0.0042  0.9950  -14.1148   0.0000   0.2331
  29.500   1.7193   0.17810   0.17558  -0.0895  0.0041  0.9950  -14.1693   0.0000   0.2353
  30.000   1.7013   0.18634   0.18393  -0.0967  0.0040  0.9950  -14.1828   0.0000   0.2381


