QBlade v0.963 64bit

 Calculated polar for: NACA64

 1 1 Reynolds number fixed          Mach number fixed         

 xtrf =   1.000 (top)        1.000 (bottom)
 Mach =   0.000     Re =     7.723 e 6     Ncrit =   7.000

  alpha     CL        CD       CDp       Cm    Top Xtr Bot Xtr   Cpmin    Chinge    XCp    
 ------- -------- --------- --------- -------- ------- ------- -------- --------- ---------
  -5.000  -0.0921   0.00671   0.00180  -0.1094  0.5588  0.0358  -1.7403   0.0000  -0.9812
  -4.500  -0.0350   0.00657   0.00166  -0.1099  0.5490  0.0424  -1.4983   0.0000  -2.9939
  -4.000   0.0227   0.00641   0.00153  -0.1106  0.5398  0.0525  -1.2660   0.0000   5.2448
  -3.500   0.0807   0.00622   0.00140  -0.1112  0.5364  0.0675  -1.0440   0.0000   1.6586
  -3.000   0.1379   0.00602   0.00128  -0.1118  0.5295  0.0953  -0.8438   0.0000   1.0751
  -2.500   0.1949   0.00585   0.00118  -0.1123  0.5203  0.1277  -0.7862   0.0000   0.8338
  -2.000   0.2524   0.00555   0.00107  -0.1130  0.5147  0.1888  -0.8205   0.0000   0.7017
  -1.500   0.3101   0.00526   0.00097  -0.1137  0.5126  0.2576  -0.8550   0.0000   0.6184
  -1.000   0.3671   0.00485   0.00085  -0.1144  0.5081  0.3653  -0.8892   0.0000   0.5618
  -0.500   0.4240   0.00458   0.00080  -0.1150  0.5020  0.4490  -0.9234   0.0000   0.5202
   0.000   0.4817   0.00459   0.00083  -0.1155  0.4935  0.4642  -0.9581   0.0000   0.4878
   0.500   0.5400   0.00457   0.00085  -0.1161  0.4892  0.4831  -0.9941   0.0000   0.4622
   1.000   0.5980   0.00461   0.00089  -0.1167  0.4848  0.4896  -1.0302   0.0000   0.4415
   1.500   0.6547   0.00469   0.00095  -0.1170  0.4757  0.4993  -1.0654   0.0000   0.4244
   2.000   0.7118   0.00476   0.00102  -0.1174  0.4646  0.5064  -1.1008   0.0000   0.4100
   2.500   0.7693   0.00481   0.00108  -0.1179  0.4596  0.5113  -1.1369   0.0000   0.3977
   3.000   0.8242   0.00499   0.00119  -0.1178  0.4442  0.5140  -1.1715   0.0000   0.3869
   3.500   0.8754   0.00533   0.00138  -0.1171  0.4121  0.5169  -1.2059   0.0000   0.3772
   4.000   0.9139   0.00625   0.00189  -0.1141  0.3168  0.5270  -1.2358   0.0000   0.3677
   4.500   0.9556   0.00704   0.00236  -0.1118  0.2409  0.5345  -1.2635   0.0000   0.3592
   5.000   1.0016   0.00761   0.00273  -0.1103  0.1959  0.5388  -1.3661   0.0000   0.3517
   5.500   1.0463   0.00821   0.00314  -0.1085  0.1520  0.5443  -1.5384   0.0000   0.3447
   6.000   1.0904   0.00879   0.00358  -0.1067  0.1153  0.5555  -1.7304   0.0000   0.3382
   6.500   1.1341   0.00934   0.00402  -0.1048  0.0897  0.5627  -1.9284   0.0000   0.3321
   7.000   1.1737   0.00988   0.00446  -0.1021  0.0682  0.5685  -2.1381   0.0000   0.3261
   7.500   1.2117   0.01045   0.00496  -0.0992  0.0501  0.5820  -2.3671   0.0000   0.3203
   8.000   1.2509   0.01106   0.00552  -0.0966  0.0377  0.5891  -2.6136   0.0000   0.3150
   8.500   1.2905   0.01166   0.00609  -0.0943  0.0304  0.5999  -2.8696   0.0000   0.3101
   9.000   1.3286   0.01230   0.00673  -0.0918  0.0259  0.6114  -3.1307   0.0000   0.3054
   9.500   1.3652   0.01302   0.00745  -0.0893  0.0226  0.6187  -3.4060   0.0000   0.3010
  10.000   1.4015   0.01380   0.00826  -0.0869  0.0208  0.6341  -3.6889   0.0000   0.2968
  10.500   1.4335   0.01485   0.00931  -0.0842  0.0177  0.6422  -3.9878   0.0000   0.2927
  11.000   1.4653   0.01598   0.01048  -0.0816  0.0159  0.6590  -4.2953   0.0000   0.2888
  11.500   1.4956   0.01730   0.01181  -0.0791  0.0144  0.6671  -4.6058   0.0000   0.2852
  12.000   1.5255   0.01870   0.01326  -0.0768  0.0135  0.6841  -4.9227   0.0000   0.2817
  12.500   1.5537   0.02029   0.01489  -0.0745  0.0129  0.6956  -5.2409   0.0000   0.2784
  13.000   1.5794   0.02209   0.01674  -0.0722  0.0122  0.7136  -5.5562   0.0000   0.2752
  13.500   1.6042   0.02402   0.01874  -0.0699  0.0113  0.7328  -5.8735   0.0000   0.2721
  14.000   1.6284   0.02605   0.02083  -0.0678  0.0112  0.7491  -6.1963   0.0000   0.2692
  14.500   1.6496   0.02841   0.02327  -0.0657  0.0108  0.7659  -6.5120   0.0000   0.2663
  15.000   1.6682   0.03105   0.02599  -0.0636  0.0103  0.7883  -6.8212   0.0000   0.2636
  15.500   1.6843   0.03400   0.02902  -0.0616  0.0097  0.8120  -7.1229   0.0000   0.2609
  16.000   1.7022   0.03681   0.03194  -0.0598  0.0093  0.8431  -7.4386   0.0000   0.2584
  17.000   1.7252   0.04343   0.03891  -0.0558  0.0087  0.9950  -8.0198   0.0000   0.2533
  17.500   1.7357   0.04718   0.04271  -0.0542  0.0084  0.9950  -8.3097   0.0000   0.2511
  18.000   1.7493   0.05056   0.04615  -0.0528  0.0082  0.9950  -8.6200   0.0000   0.2489
  18.500   1.7552   0.05488   0.05052  -0.0515  0.0079  0.9950  -8.8919   0.0000   0.2468
  19.000   1.7591   0.05945   0.05516  -0.0504  0.0076  0.9950  -9.1537   0.0000   0.2448
  19.500   1.7700   0.06325   0.05901  -0.0494  0.0075  0.9950  -9.4576   0.0000   0.2429
  20.000   1.7721   0.06814   0.06397  -0.0486  0.0073  0.9950  -9.7166   0.0000   0.2411
  20.500   1.7741   0.07306   0.06897  -0.0480  0.0071  0.9950  -9.9897   0.0000   0.2394
  21.000   1.7799   0.07750   0.07347  -0.0475  0.0069  0.9950  -10.2916   0.0000   0.2377
  21.500   1.7780   0.08299   0.07904  -0.0474  0.0067  0.9950  -10.5547   0.0000   0.2363
  22.000   1.7850   0.08732   0.08342  -0.0472  0.0065  0.9950  -10.8796   0.0000   0.2347
  22.500   1.7841   0.09275   0.08893  -0.0475  0.0064  0.9950  -11.1517   0.0000   0.2335
  23.000   1.7841   0.09806   0.09432  -0.0480  0.0063  0.9950  -11.4294   0.0000   0.2324
  23.500   1.7809   0.10384   0.10018  -0.0489  0.0061  0.9950  -11.6832   0.0000   0.2314
  24.000   1.7756   0.10992   0.10634  -0.0502  0.0059  0.9950  -11.9176   0.0000   0.2307
  24.500   1.7703   0.11606   0.11258  -0.0519  0.0057  0.9950  -12.1475   0.0000   0.2302
  25.000   1.7634   0.12241   0.11902  -0.0541  0.0055  0.9950  -12.3597   0.0000   0.2300
  25.500   1.7577   0.12870   0.12539  -0.0567  0.0055  0.9950  -12.5764   0.0000   0.2299
  26.000   1.7515   0.13505   0.13184  -0.0596  0.0054  0.9950  -12.7826   0.0000   0.2301
  26.500   1.7446   0.14151   0.13840  -0.0631  0.0053  0.9950  -12.9760   0.0000   0.2305
  27.000   1.7359   0.14827   0.14526  -0.0671  0.0052  0.9950  -13.1455   0.0000   0.2312
  27.500   1.7249   0.15537   0.15247  -0.0717  0.0051  0.9950  -13.2839   0.0000   0.2323
  28.000   1.7123   0.16277   0.15997  -0.0770  0.0050  0.9950  -13.3946   0.0000   0.2339
  28.500   1.6981   0.17049   0.16780  -0.0829  0.0048  0.9950  -13.4738   0.0000   0.2358
  29.000   1.6815   0.17860   0.17603  -0.0895  0.0047  0.9950  -13.5123   0.0000   0.2383
  29.500   1.6617   0.18734   0.18490  -0.0971  0.0046  0.9950  -13.4935   0.0000   0.2415
  30.000   1.6426   0.19605   0.19374  -0.1050  0.0045  0.9950  -13.4609   0.0000   0.2451


